,vallecula_x,vallecula_y,tongueRoot1_x,tongueRoot1_y,tongueRoot2_x,tongueRoot2_y,tongueBody1_x,tongueBody1_y,tongueBody2_x,tongueBody2_y,tongueDorsum1_x,tongueDorsum1_y,tongueDorsum2_x,tongueDorsum2_y,tongueBlade1_x,tongueBlade1_y,tongueBlade2_x,tongueBlade2_y,tongueTip1_x,tongueTip1_y,tongueTip2_x,tongueTip2_y,hyoid_x,hyoid_y,mandible_x,mandible_y,shortTendon_x,shortTendon_y
0,-8.367124566518322,-8.39664326876049,-3.7460646817663097,-8.393737606884565,-7.827450335330746,-8.355815525723171,-7.912782057262185,-8.172174060742186,-7.934713598353381,-7.7687156298702265,-8.042212020700418,-7.675500585312714,-8.104197341487215,-7.9978938706021685,-8.157377150818293,-8.225077308476642,-8.222506622412054,-8.19782994292276,-8.244595429851596,-8.117180229530895,-11.002081549220389,-7.999844456516619,-8.248090122149971,-8.439921402517083,-8.379857746883522,-8.422250155452431,-8.394490764948324,-8.464688350823792
1,-8.367124566518322,-8.39664326876049,-3.7460646817663097,-8.393737606884565,-7.827450335330746,-8.355815525723171,-7.912782057262185,-8.172174060742186,-7.934713598353381,-7.7687156298702265,-8.042212020700418,-7.675500585312714,-8.104197341487215,-7.9978938706021685,-8.157377150818293,-8.225077308476642,-8.222506622412054,-8.19782994292276,-8.244595429851596,-8.117180229530895,-11.002081549220389,-7.999844456516619,-8.248090122149971,-8.439921402517083,-8.379857746883522,-8.422250155452431,-8.394490764948324,-8.464688350823792
2,-8.367124566518322,-8.39664326876049,-3.7460646817663097,-8.393737606884565,-7.827450335330746,-8.355815525723171,-7.912782057262185,-8.172174060742186,-7.934713598353381,-7.7687156298702265,-8.042212020700418,-7.675500585312714,-8.104197341487215,-7.9978938706021685,-8.157377150818293,-8.225077308476642,-8.222506622412054,-8.19782994292276,-8.244595429851596,-8.117180229530895,-11.002081549220389,-7.999844456516619,-8.248090122149971,-8.439921402517083,-8.379857746883522,-8.422250155452431,-8.394490764948324,-8.464688350823792
3,-8.367124566518322,-8.39664326876049,-3.7460646817663097,-8.393737606884565,-7.827450335330746,-8.355815525723171,-7.912782057262185,-8.172174060742186,-7.934713598353381,-7.7687156298702265,-8.042212020700418,-7.675500585312714,-8.104197341487215,-7.9978938706021685,-8.157377150818293,-8.225077308476642,-8.222506622412054,-8.19782994292276,-8.244595429851596,-8.117180229530895,-11.002081549220389,-7.999844456516619,-8.248090122149971,-8.439921402517083,-8.379857746883522,-8.422250155452431,-8.394490764948324,-8.464688350823792
4,-8.367124566518322,-8.39664326876049,-3.7460646817663097,-8.393737606884565,-7.827450335330746,-8.355815525723171,-7.912782057262185,-8.172174060742186,-7.934713598353381,-7.7687156298702265,-8.042212020700418,-7.675500585312714,-8.104197341487215,-7.9978938706021685,-8.157377150818293,-8.225077308476642,-8.222506622412054,-8.19782994292276,-8.244595429851596,-8.117180229530895,-11.002081549220389,-7.999844456516619,-8.248090122149971,-8.439921402517083,-8.379857746883522,-8.422250155452431,-8.394490764948324,-8.464688350823792
5,-8.367124566518322,-8.39664326876049,-3.7460646817663097,-8.393737606884565,-7.827450335330746,-8.355815525723171,-7.912782057262185,-8.172174060742186,-7.934713598353381,-7.7687156298702265,-8.042212020700418,-7.675500585312714,-8.104197341487215,-7.9978938706021685,-8.157377150818293,-8.225077308476642,-8.222506622412054,-8.19782994292276,-8.244595429851596,-8.117180229530895,-11.002081549220389,-7.999844456516619,-8.248090122149971,-8.439921402517083,-8.379857746883522,-8.422250155452431,-8.394490764948324,-8.464688350823792
6,-8.367124566518322,-8.39664326876049,-3.7460646817663097,-8.393737606884565,-7.827450335330746,-8.355815525723171,-7.912782057262185,-8.172174060742186,-7.934713598353381,-7.7687156298702265,-8.042212020700418,-7.675500585312714,-8.104197341487215,-7.9978938706021685,-8.157377150818293,-8.225077308476642,-8.222506622412054,-8.19782994292276,-8.244595429851596,-8.117180229530895,-11.002081549220389,-7.999844456516619,-8.248090122149971,-8.439921402517083,-8.379857746883522,-8.422250155452431,-8.394490764948324,-8.464688350823792
7,-8.367124566518322,-8.39664326876049,-3.7460646817663097,-8.393737606884565,-7.827450335330746,-8.355815525723171,-7.912782057262185,-8.172174060742186,-7.934713598353381,-7.7687156298702265,-8.042212020700418,-7.675500585312714,-8.104197341487215,-7.9978938706021685,-8.157377150818293,-8.225077308476642,-8.222506622412054,-8.19782994292276,-8.244595429851596,-8.117180229530895,-11.002081549220389,-7.999844456516619,-8.248090122149971,-8.439921402517083,-8.379857746883522,-8.422250155452431,-8.394490764948324,-8.464688350823792
8,-8.367124566518322,-8.39664326876049,-3.7460646817663097,-8.393737606884565,-7.827450335330746,-8.355815525723171,-7.912782057262185,-8.172174060742186,-7.934713598353381,-7.7687156298702265,-8.042212020700418,-7.675500585312714,-8.104197341487215,-7.9978938706021685,-8.157377150818293,-8.225077308476642,-8.222506622412054,-8.19782994292276,-8.244595429851596,-8.117180229530895,-11.002081549220389,-7.999844456516619,-8.248090122149971,-8.439921402517083,-8.379857746883522,-8.422250155452431,-8.394490764948324,-8.464688350823792
9,-8.367124566518322,-8.39664326876049,-3.7460646817663097,-8.393737606884565,-7.827450335330746,-8.355815525723171,-7.912782057262185,-8.172174060742186,-7.934713598353381,-7.7687156298702265,-8.042212020700418,-7.675500585312714,-8.104197341487215,-7.9978938706021685,-8.157377150818293,-8.225077308476642,-8.222506622412054,-8.19782994292276,-8.244595429851596,-8.117180229530895,-11.002081549220389,-7.999844456516619,-8.248090122149971,-8.439921402517083,-8.379857746883522,-8.422250155452431,-8.394490764948324,-8.464688350823792
10,-8.367124566518322,-8.39664326876049,-3.7460646817663097,-8.393737606884565,-7.827450335330746,-8.355815525723171,-7.912782057262185,-8.172174060742186,-7.934713598353381,-7.7687156298702265,-8.042212020700418,-7.675500585312714,-8.104197341487215,-7.9978938706021685,-8.157377150818293,-8.225077308476642,-8.222506622412054,-8.19782994292276,-8.244595429851596,-8.117180229530895,-11.002081549220389,-7.999844456516619,-8.248090122149971,-8.439921402517083,-8.379857746883522,-8.422250155452431,-8.394490764948324,-8.464688350823792
11,-8.367124566518322,-8.39664326876049,-3.7460646817663097,-8.393737606884565,-7.827450335330746,-8.355815525723171,-7.912782057262185,-8.172174060742186,-7.934713598353381,-7.7687156298702265,-8.042212020700418,-7.675500585312714,-8.104197341487215,-7.9978938706021685,-8.157377150818293,-8.225077308476642,-8.222506622412054,-8.19782994292276,-8.244595429851596,-8.117180229530895,-11.002081549220389,-7.999844456516619,-8.248090122149971,-8.439921402517083,-8.379857746883522,-8.422250155452431,-8.394490764948324,-8.464688350823792
12,-8.367124566518322,-8.39664326876049,-3.7460646817663097,-8.393737606884565,-7.827450335330746,-8.355815525723171,-7.912782057262185,-8.172174060742186,-7.934713598353381,-7.7687156298702265,-8.042212020700418,-7.675500585312714,-8.104197341487215,-7.9978938706021685,-8.157377150818293,-8.225077308476642,-8.222506622412054,-8.19782994292276,-8.244595429851596,-8.117180229530895,-11.002081549220389,-7.999844456516619,-8.248090122149971,-8.439921402517083,-8.379857746883522,-8.422250155452431,-8.394490764948324,-8.464688350823792
13,-4.410479765813915,-4.094525878730914,-7.240734819945103,-4.215688432042111,-4.027413936827546,-4.468203868057722,-4.04638861390729,-4.8786826199081235,-3.7196724719563705,-4.913638788232447,-3.645667985213217,-4.317020426972516,-3.579785805727056,-4.2707647477837245,-3.6203796186542787,-4.253239934091963,-3.7126622898917168,-4.008658473628694,-3.745123569918453,-3.8830094615708033,-8.3617604576347,-3.8686787656814805,-3.8129911906038676,-4.120132356285529,-3.9611926011520846,-3.987085318165149,-4.006735660546402,-4.034681121829391
14,-4.181740345903521,-4.050418337471221,-7.073793478716867,-4.082312382075764,-3.9650428395628707,-4.332543950804993,-3.8424019650549255,-4.403991048847176,-3.7552824687610955,-4.529760652612757,-3.6936787469230916,-4.5779255075392244,-3.687906556368431,-4.479593906981131,-3.716239593456873,-4.410473048683982,-3.778315463282577,-4.1734136290097865,-3.8092482069429225,-3.992939161266192,-8.4348590712937,-3.920783424391577,-3.663000672334515,-4.136405200756237,-4.010098553046009,-3.857211238002309,-3.961408948956409,-3.9395888731508086
15,-4.412359350874596,-4.007080595427318,-6.999664384628539,-4.108513112660338,-3.829592315909429,-4.259707626737938,-3.7667819516484458,-4.415033945711799,-3.6831976756583047,-4.476571282961982,-3.6498080361877396,-4.528779562657999,-3.64658650748393,-4.432414702679994,-3.7033096520897977,-4.378106091551322,-3.7607643196077314,-4.124280936953088,-3.7928451090477275,-3.957848219877194,-8.408602408016998,-3.9219330114919813,-3.710475928460725,-4.115388874038518,-4.001855341908439,-3.862177470053669,-3.9504272435567986,-3.9261447107195426
16,-4.383397862252128,-3.985613747854384,-6.9516521814878605,-4.089846093818288,-3.806342353835804,-4.23940868726593,-3.7599053036311973,-4.408955844573855,-3.658118061170515,-4.471699923274226,-3.6280326774595375,-4.510886937302945,-3.6408431445990397,-4.409053443903676,-3.7005944519192364,-4.367238852490917,-3.7577366145820736,-4.1281339495118745,-3.7943030232547743,-3.965626976872375,-8.429841196300552,-3.937411399217788,-3.749100720422149,-4.125488377586859,-3.9876792409514263,-3.868135085416919,-3.930685354983381,-3.9289891858118344
17,-4.326969156951383,-3.987427660524283,-6.958739963291043,-4.061790588561666,-3.78908680698223,-4.218904074475401,-3.7376762368472525,-4.38166893384658,-3.6385023485932604,-4.459677198267452,-3.609591869382989,-4.513637273025461,-3.6305355416432445,-4.377979648961478,-3.6916190072205093,-4.355931087602348,-3.7498991838585125,-4.117634643429584,-3.7878580762006964,-3.9562558119035525,-8.41538417282754,-3.926670058382443,-3.7636455647275446,-4.121009163219081,-3.9880106552035306,-3.8699078951846224,-3.9329682075773844,-3.931752504976352
18,-4.379268310808015,-3.9761557680477857,-7.011371518491379,-4.045314729047079,-3.7925631298292855,-4.178671774204687,-3.7439072469414145,-4.374314288037682,-3.655214652449694,-4.433578481463904,-3.6244608904114215,-4.519354148692305,-3.6315561518598214,-4.407475269144146,-3.6950462168291436,-4.35899388005521,-3.7522312624684226,-4.109458696044451,-3.7861185259353287,-3.948712507153391,-8.410523476134953,-3.9158417063228237,-3.750567930052117,-4.124701342415831,-3.9889346560181607,-3.8640771138265793,-3.933047060907924,-3.9279421939911408
19,-4.37182280858353,-3.9643012508856312,-7.063307605422754,-4.034516874789519,-3.812195313167468,-4.157640547312894,-3.7543215074680707,-4.369680410391836,-3.6642253052351537,-4.434046431838419,-3.6369248125306153,-4.525708372602945,-3.636326029894932,-4.411908787982545,-3.693952572832736,-4.35665438549431,-3.7506195688473754,-4.106413098033526,-3.7847848044199925,-3.948253747913975,-8.407163015336241,-3.9087296426121867,-3.743567017914877,-4.129964347192138,-3.989624942735933,-3.863356596356318,-3.93332418331237,-3.9338850577715334
20,-4.327887644361388,-3.9757103004812873,-6.968047757026558,-4.031034687927205,-3.793233121735793,-4.1879188805075165,-3.8307547409762073,-4.4018522047395825,-3.682165066436975,-4.677388419574285,-3.6617592334438833,-4.583167824023402,-3.642418384132536,-4.449859424416894,-3.703488435846855,-4.3859248794101715,-3.7555199765480176,-4.121678425177064,-3.7847450172876367,-3.9684623408358433,-8.394310449927728,-3.9296616860874725,-3.740704434458166,-4.133153948730429,-3.9817505017921757,-3.8729271894272306,-3.931740951214837,-3.9388062407384097
21,-4.33352894887407,-3.99143608710072,-6.917995886172306,-4.045157252574044,-3.7606680822588516,-4.209286586688259,-3.868033633000652,-4.409837268275227,-3.702083780722566,-4.750735280417199,-3.67038691429937,-4.59584865584324,-3.653847109450874,-4.466085235951909,-3.7083921742462955,-4.399014700656697,-3.7586998125651125,-4.137833425142489,-3.784361639848006,-3.9832745780834706,-8.400719831739451,-3.9337203051635963,-3.7395148921982178,-4.138231280985856,-3.9718827861125043,-3.8665865640313064,-3.9269876854299097,-3.942698109413414
22,-4.321008457728718,-3.939045584431323,-6.985164201428409,-4.004099688344101,-3.7761211023003534,-4.144124589577608,-3.809966145457602,-4.315161912703123,-3.667720125222389,-4.522225204313864,-3.6532665382589413,-4.549543525426096,-3.6442384778445662,-4.435538362360925,-3.7014480505914826,-4.379552063802582,-3.754565130854705,-4.12618950392804,-3.780819448293105,-3.9793720882357775,-8.401430232588934,-3.9305234868102787,-3.775236051672517,-4.130472332788097,-3.9711477999773006,-3.8693751207051204,-3.934326886157497,-3.943180223835836
23,-4.363579001679135,-3.939578191706005,-6.936192363839177,-4.006793095121066,-3.775997994246861,-4.149927797868415,-3.7929097994300998,-4.3925735212966135,-3.65461208248014,-4.621740918852305,-3.646886166523418,-4.550201222302533,-3.640344208897426,-4.442877716513323,-3.7004988088603907,-4.384199564524774,-3.751969656822364,-4.128939613883695,-3.7786632699132094,-3.9799702418289264,-8.388266127394724,-3.930882440577283,-3.765278436515972,-4.133705918884734,-3.97221962815101,-3.8715617532864237,-3.9373187697277476,-3.944109499385055
24,-4.300555906397038,-3.9278854496074738,-6.8590934322779855,-4.027098707914784,-3.7687890707298553,-4.202517448347977,-3.7688118498866925,-4.458434415495865,-3.6557275236132387,-4.708935548272069,-3.6294869917410995,-4.553606347953966,-3.6301071292178166,-4.425957003171763,-3.6917509071251926,-4.369433375707092,-3.7481395353908904,-4.118148028402214,-3.7744091728829376,-3.9722891988955715,-8.38655688379652,-3.9226249455262066,-3.754390767613173,-4.135734616506071,-3.9737691015281356,-3.8717229829540605,-3.9376296400596673,-3.938947660968987
25,-4.360299469907882,-3.9378326622151736,-6.828316040308089,-4.013088426788659,-3.776546357763979,-4.185319147159967,-3.75393748686451,-4.420456016268443,-3.655069160127985,-4.677577677854224,-3.6341195381185076,-4.5453698755240195,-3.630584644298159,-4.431343058580567,-3.6949755784915648,-4.376157240205349,-3.75033141485183,-4.127865005793258,-3.776426096299588,-3.9820995250857605,-8.394156651805675,-3.9274399129160167,-3.76155059813959,-4.129842848862941,-3.971435153375078,-3.870560696194475,-3.9385921049912693,-3.94021481837592
26,-4.317050439817561,-3.9117298258624724,-6.888538817088482,-4.002540764442401,-3.7955766137444606,-4.160006355512457,-3.7568767416893003,-4.388944692063453,-3.671713653403799,-4.549336638462418,-3.653021945695147,-4.539932066819111,-3.644509366316644,-4.439843711140921,-3.703664719131787,-4.38504258068851,-3.753952729040154,-4.135955194552283,-3.7777549865202804,-3.983357110582018,-8.384442018777515,-3.9361870084380075,-3.768450940152314,-4.127504096158193,-3.968056515980325,-3.865487694274325,-3.93375609188417,-3.941702543131112
27,-4.2956531793893085,-3.906598742866255,-6.896229100985885,-3.997523414921359,-3.805284689933925,-4.162062241142768,-3.7604647864530745,-4.395857089250391,-3.679845772907438,-4.552666842000006,-3.6632679833637023,-4.543995252715422,-3.649996011294297,-4.4595780161938405,-3.7072666492302724,-4.398218449442872,-3.7569574652690663,-4.141352737469066,-3.778201170790274,-3.984937373305037,-8.3776484233422,-3.939292140337089,-3.7888904252252713,-4.112746916304529,-3.9660804824482745,-3.8632534093690305,-3.9280358181774053,-3.941402025141135
28,-4.273246748218342,-3.8988077495848152,-6.887492312607794,-3.978342035054958,-3.796176469572415,-4.141144869123727,-3.8137288644357183,-4.395538123835017,-3.6887105041902997,-4.520417973287783,-3.6760294624514818,-4.529409280164555,-3.6481413150402138,-4.460315641353186,-3.707103493424008,-4.407858264451271,-3.7579454218252217,-4.144630233805695,-3.7796747156564607,-3.989342234883019,-8.386039716485,-3.956190239561046,-3.8075812216025606,-4.116955733797241,-3.9744731173526904,-3.863443302088692,-3.9458939882990536,-3.9222761442416223
29,-4.2888901693957315,-3.8919960034276255,-6.896862591805019,-3.966793139156771,-3.7992932340420817,-4.107757422096268,-3.785811722296024,-4.31508917219619,-3.6630330407227456,-4.418657878206069,-3.663974543235953,-4.507956734202619,-3.63508495205327,-4.436669560224861,-3.696493677631477,-4.38913513733842,-3.749409083429235,-4.131807569026249,-3.7758932329198194,-3.974605905451781,-8.373199545064342,-3.9382251489659956,-3.7983082456318624,-4.115002386771756,-3.9901207869878745,-3.872803221727226,-3.953010582505036,-3.9187816182030977
30,-4.273299191591475,-3.900440349139929,-6.888621623025547,-3.964548400555937,-3.8060934743334314,-4.084697431330453,-3.788880997776602,-4.270401571094621,-3.664091400797475,-4.349679172683073,-3.6647502510811267,-4.485861389470286,-3.631864608806129,-4.43004841152599,-3.6936725199545473,-4.382584614921169,-3.7471432265450084,-4.1248958321362155,-3.7741690291197894,-3.9658259933655273,-8.362165515692414,-3.9362545395374435,-3.800595263040686,-4.131915170513455,-3.9824826143934016,-3.8605440343764346,-3.9571200416735453,-3.9245673930341844
31,-4.27277876395115,-3.908832723636141,-6.8532624718753965,-3.973683433712132,-3.7841222379788944,-4.102939072580678,-3.770618480332171,-4.315834677016065,-3.656297475835153,-4.378199653280504,-3.648311791752385,-4.481717535780292,-3.6294233170772303,-4.423814685958201,-3.6868034104635354,-4.373552432495286,-3.7397138648337727,-4.12133072353651,-3.7682967325778356,-3.9609057867213666,-8.34697048657878,-3.9312671081090724,-3.8003571786642794,-4.137364568868975,-3.9976325240873245,-3.8686503037770557,-3.9634727645211374,-3.913501259991517
32,-4.278868750656191,-3.9194317256306124,-6.8283805578173355,-3.9576664923216254,-3.783390692045642,-4.078897895777476,-3.768671585179236,-4.294399108287752,-3.676014904283336,-4.40684630606456,-3.652495611922533,-4.489701467144425,-3.6267411257460322,-4.414891331134528,-3.689904933577669,-4.374353360204101,-3.7423540832753583,-4.123126404156686,-3.772714525238372,-3.963929678097904,-8.354463778964975,-3.9330730455489986,-3.8039017624405957,-4.1288402172501915,-4.004192802158579,-3.8742109358697694,-3.974918828422812,-3.9202167121338416
33,-4.293781606510633,-3.9303003527311215,-6.82349195945925,-3.953649910445787,-3.7790984824113787,-4.071873360898812,-3.813629313266943,-4.290346130183184,-3.7093493840093035,-4.5233614961828295,-3.6659724782833596,-4.53178825334137,-3.639603384949455,-4.445110659020704,-3.7011361166936796,-4.400023264743119,-3.750144979813304,-4.134733279978223,-3.7804318079464365,-3.9704635469042957,-8.36913544377316,-3.9350548235824574,-3.8011617396604094,-4.1312918155841345,-4.00334542891669,-3.871536314827752,-3.97761801362209,-3.9267935563797196
34,-4.335669658230143,-3.93822733084865,-6.8319605175626785,-3.9657192241557495,-3.760250521048569,-4.07224656756607,-3.7977176743463605,-4.196342172905111,-3.6511485926978744,-4.331505182483625,-3.62649450287039,-4.443415595254601,-3.618592721414393,-4.386227845346189,-3.672358495546706,-4.357771756030859,-3.7361793547993853,-4.109535703790345,-3.775059124109355,-3.9541637924838557,-8.371490301466139,-3.929135982451861,-3.8133128390779034,-4.1228211828111965,-4.001932927325838,-3.8732030713029646,-3.9903867366812875,-3.9320184714327215
35,-4.336924657284416,-3.9929620088964883,-6.770155791776044,-4.053425233315097,-3.705952767070732,-4.134561627821338,-3.760918151406389,-4.282958358415729,-3.6511876481588637,-4.3928693965437535,-3.6243571684520384,-4.493852951571659,-3.6036088320610427,-4.393268783352507,-3.6705665947089234,-4.364658050788476,-3.735707748725931,-4.114416653078419,-3.7792768443329003,-3.9579699484118414,-8.388601328429969,-3.936023375389374,-3.7978675549696232,-4.117500853897376,-3.9811847348801077,-3.8655994801772198,-3.980476852478263,-3.9480323037354985
36,-4.330547688787509,-3.9987018975669195,-6.763137607600944,-4.044862333617147,-3.724986574245064,-4.081979887854026,-3.8021113218400395,-4.231228588330817,-3.6924070391958326,-4.389326555762234,-3.6440076982463556,-4.4476851744248425,-3.6057822012500402,-4.372034306025096,-3.666222962065859,-4.349324135478869,-3.7331122746935907,-4.102811527432925,-3.7729469957688533,-3.946121980401332,-8.384923694214717,-3.9373662053281655,-3.8026984394347227,-4.105646654894432,-3.9844417260031366,-3.863298195387819,-3.982021469158782,-3.9363386184196445
37,-4.215238550492064,-3.9472746208198193,-6.817337903498545,-4.01402024023857,-3.7414564194591615,-4.083346428845343,-3.7983995604522724,-4.1953907407346245,-3.678146645763945,-4.30418222437514,-3.650256026778266,-4.415416966845694,-3.6190929753080843,-4.3586887605247515,-3.6759544870238914,-4.340590936966086,-3.7461856961871405,-4.0938984642376575,-3.7788985823817147,-3.9331171772690467,-8.379903002406145,-3.9550554573555172,-3.8263529432112375,-4.100520651201493,-3.9941708734887684,-3.859164983285916,-3.989172135791542,-3.9237554319944214
38,-4.1959623331549585,-3.992833839280864,-6.7736194167999875,-4.050595781774445,-3.724239935737947,-4.064842610617665,-3.8002390243966886,-4.093242578717947,-3.6226574193155083,-4.193826463532209,-3.6291280107752915,-4.38040569091283,-3.6095835376556646,-4.347555443178915,-3.664383864816684,-4.327088337095009,-3.7382674272308742,-4.070991576794132,-3.7773588203595354,-3.9185528135454835,-8.376651270682734,-3.9555071365167476,-3.7762039291682252,-4.1297346901129135,-3.985384245147846,-3.857370317941044,-3.975803413521782,-3.919170523837185
39,-4.261010689534216,-4.070298695289784,-6.7518165627698155,-4.0986736285360115,-3.708888124721191,-4.08434089324258,-3.7427998386892862,-4.079250447027652,-3.5534155204280493,-4.021997015702519,-3.5837570097125515,-4.219462541458907,-3.577015295526616,-4.261158142976998,-3.625401191802688,-4.264761882451127,-3.698795997466324,-4.033929557210381,-3.7533185824085917,-3.9060912343501237,-8.345326029735286,-3.939157078138217,-3.7823187686632265,-4.124828969740863,-3.9770525930200704,-3.863262724860938,-3.9551694763654357,-3.941950832058659
40,-4.242783339659766,-4.053153664633929,-6.824358627733061,-4.044700198076863,-3.75137076082479,-4.014043278571425,-3.820194174378291,-4.001937533300374,-3.6025052306257597,-3.938138527335008,-3.6143251952528477,-4.12689552146898,-3.6161936118319966,-4.267682193146776,-3.646888061346286,-4.314330546992854,-3.719851224977269,-4.06574367392903,-3.7643273977377136,-3.9303508204113866,-8.343951423809242,-3.97625502787857,-3.7891921355988205,-4.1274622747748495,-3.975756309914542,-3.8666170185240825,-3.9531546601954046,-3.934609836453242
41,-4.2527388399928,-4.095136247449221,-6.732037120072934,-4.1286165219354265,-3.6856710111906854,-4.093175240316897,-3.7297021619615522,-4.032962554773572,-3.5679321348512643,-3.842970557909826,-3.645826142810858,-4.029342723113531,-3.666155068885397,-4.273992302890786,-3.6656234738734863,-4.341571130316229,-3.729467395116397,-4.111737133556502,-3.7669880201171244,-3.956080533854798,-8.342349782560166,-3.975397123180731,-3.7488984073436757,-4.117345465826505,-3.936056522322294,-3.885582643472259,-3.9250059681887466,-3.962652423595456
42,-4.293183970570975,-4.095890416224083,-6.840229935007648,-4.066141691466022,-3.8200070518406357,-3.911421615733945,-3.840540962335208,-3.8161282261791145,-3.680341047654493,-3.5576317867608935,-3.7151319055221466,-3.780671894553876,-3.704783699094153,-4.1540565234165205,-3.6851412216173234,-4.281424545870882,-3.712267942498226,-4.093233980733311,-3.741453206958606,-3.9670907556007893,-8.283583125769434,-3.966933918011372,-3.7910355302718046,-4.162258026245991,-3.9642593004694735,-3.9237743688538824,-3.9612330703343837,-3.974252096598937
43,-4.274863388033177,-4.01796876057899,-6.971407239614319,-4.010758427257159,-3.850337206654177,-3.9412823868890445,-3.8591625469240087,-3.7330886196783677,-3.649162772719864,-3.4883755024273198,-3.7141866380199677,-3.703316567568532,-3.7254628373215377,-4.190682735914036,-3.7064624348825284,-4.320801568995257,-3.7040797156061753,-4.100720650453488,-3.725867450439524,-3.9927867935765664,-8.268621892335844,-3.9587021367250794,-3.822187639453578,-4.136369868897895,-3.978763622863058,-3.9214017847225713,-3.97481239265155,-3.954136274085384
44,-4.3237278651397055,-3.9972427959061263,-7.114828646645039,-3.969675704064068,-3.949738377797459,-3.878781147077591,-3.904456490040825,-3.6305914398303054,-3.722250990743465,-3.353013898573822,-3.7596933603699854,-3.5400485868353577,-3.7611990245626163,-3.9759040261773206,-3.7367181476153863,-4.240917058023983,-3.7110264342896757,-4.103431089752167,-3.727156269334058,-4.027810384030294,-8.318646280782168,-3.943690492790378,-3.8190180678908368,-4.117143930022286,-3.9707924396087155,-3.9336530897340563,-3.973862907692054,-3.969885345217847
45,-4.3539632907011905,-3.912008047711022,-7.297207961010953,-3.8755280685254907,-4.029617156679111,-3.7758732932076113,-3.9429428668221553,-3.540876781928151,-3.745086847538357,-3.239365414754624,-3.776032511439744,-3.424751054079942,-3.756132882857921,-3.798792101508236,-3.706550263965978,-4.042510210931995,-3.7130545492127744,-3.938315981498219,-3.6897211248878397,-3.9487141633239307,-8.17343268540961,-3.9480246906992016,-3.830251135063841,-4.090443139932323,-3.9928107340726227,-3.9231516640486546,-3.9904334645808657,-3.9641988056053754
46,-4.329551264697988,-3.908490416979779,-7.22644139758169,-3.861395719837428,-4.0288666710453205,-3.7834727528159275,-3.9559735632120585,-3.518519491940635,-3.770937700085469,-3.235057747865352,-3.799114693294499,-3.3917092350919895,-3.7880944270829593,-3.738468992985505,-3.7527302334376134,-3.9345714065088884,-3.7631139976852785,-3.82290062233892,-3.718982855572912,-3.827166703323011,-8.198642056712329,-3.9798666430234255,-3.8172429905327583,-4.0729917256154895,-3.995005156186982,-3.9103546861842573,-3.990389981674313,-3.927975138476673
47,-4.350321389789194,-3.859356907439121,-7.295668176991067,-3.8568503338287656,-3.975876052337379,-3.812264757262293,-3.916396326262064,-3.5531098227677,-3.7049927687949573,-3.3234135324967404,-3.7460476699688856,-3.464118754240214,-3.75268152644907,-3.6876926118432243,-3.738749468659301,-3.8886363785752756,-3.7666705816282278,-3.7657655420213567,-3.773501742071418,-3.7114873315716412,-8.345520953362504,-3.6947152769785077,-3.8050546537805303,-4.043560287616515,-3.995088488672337,-3.9214039344514733,-4.01257340300072,-3.942742704997488
48,-4.403842401401802,-4.021323053202517,-7.003900187715906,-3.9992565879381923,-3.8734350592578615,-3.9683230604267536,-3.8414214254426873,-3.8402753424428395,-3.6800981312707552,-3.6998664349335004,-3.7225759790538944,-3.7310946313343463,-3.758602186168485,-3.7799828217758127,-3.7745506034511083,-3.8161616180342928,-3.80663688455904,-3.666118685617974,-3.8375038915669912,-3.5329170918136,-8.548615035393965,-3.502647999191642,-3.8373904410750503,-4.066603509309737,-3.960426644706231,-3.9278549125976916,-3.98146722434989,-3.9925214208746134
49,-4.35831936838203,-4.042563650142992,-6.875556065385347,-4.052145387541645,-3.85116167549319,-4.116699691159148,-3.8440165851986237,-4.051709798287933,-3.6802749537974337,-4.043346834058272,-3.7218639020561444,-3.911336278637762,-3.793120363929268,-3.833354646600756,-3.8271789779784418,-3.8255133609512373,-3.881544693262319,-3.631228926199662,-3.9114119002440164,-3.5080557637896854,-8.703032856840178,-3.444729172555075,-3.8499385432581286,-4.029117128667094,-3.9531543687715947,-3.9402656558360616,-3.9802010280710274,-3.9835340045166237
50,-4.143950889470374,-3.947099950642429,-6.662560906828595,-4.014288136605419,-3.802582527346331,-4.144523787927975,-3.958411647509083,-4.271707143667403,-3.8081081986062184,-4.447929825503256,-3.805783058981074,-4.283421564166012,-3.8603112505413,-4.027365599273235,-3.8897511050355598,-3.968039210562462,-3.956995102501724,-3.663729695319203,-3.976778464185601,-3.447376435509972,-8.886370358863257,-3.3531289503396375,-3.8659523564376523,-4.031061101934244,-3.9667809861757455,-3.908006107359016,-3.985323249563045,-3.9606456223121227
51,-4.069663394667471,-3.980114958735294,-6.553679735791293,-4.022843115889044,-3.7678450450312,-4.166315554069018,-3.9607231258342086,-4.381677471464765,-3.7794075849495345,-4.51184123335456,-3.742710912467032,-4.310801376121564,-3.7862008441625687,-4.001874969753903,-3.869525411120857,-3.9495683024128003,-3.9510211272752356,-3.6302018645583947,-3.984114927198257,-3.4324499224951253,-8.914092892885682,-3.383707551634406,-3.8495195499405375,-4.015482636638709,-3.9493795029694607,-3.893078748152913,-3.964513433784672,-3.9708447529184676
52,-3.951657064556602,-3.979744517285259,-6.316854247776007,-4.035364359122212,-3.664894159701281,-4.195262378540862,-3.9314277647431575,-4.476205296994641,-3.772267731663566,-4.660787870760994,-3.7734578528734986,-4.484190621383072,-3.778870378015477,-4.079746048116137,-3.8705071589895956,-3.9714486871773333,-3.9408563906787504,-3.617528548134622,-3.973062630217347,-3.4301555742411973,-8.86335641350062,-3.3895152261859307,-3.8772645895978846,-4.039750936440569,-3.953940759236845,-3.905299598671622,-3.9671795200550823,-3.9967061740612393
53,-3.9804131499676343,-3.9918745209688,-6.124479799595758,-4.0750130214158915,-3.558265125340457,-4.260400644114762,-3.8847999935655477,-4.53076477525064,-3.7011112568258357,-4.686564848488646,-3.6755976554290846,-4.452662231947805,-3.730376727841196,-4.038655245250912,-3.820841531373365,-3.8942902610195604,-3.9090729453108786,-3.5793073286183534,-3.9400506781139133,-3.396055022834766,-8.798054181567245,-3.3395401347230598,-3.8305021205640912,-4.025966464278812,-3.9586396258536096,-3.887228260946603,-3.96636502680548,-3.9774332482628876
54,-3.969925567911358,-3.972790534115608,-6.081493866033683,-4.073641392017624,-3.5133771472686224,-4.284667553035405,-3.8352321795591724,-4.5751685859237545,-3.6648600637714575,-4.663112778846908,-3.6828876172552247,-4.403659090863507,-3.745221877478312,-4.048399082645424,-3.8239839997185734,-3.947199501816623,-3.9107362441505895,-3.6136306143907304,-3.9395956838360413,-3.430711495485592,-8.79794319903961,-3.3548343703354027,-3.80544168749587,-4.02552770028287,-3.9604212169198285,-3.9004383450483013,-3.971203311407696,-3.9819964612711147
55,-3.8995807950357837,-3.938582923379802,-6.021601804989663,-4.011235981650238,-3.5010334933762666,-4.192054383304889,-3.8253844938901636,-4.496842086165606,-3.669906801856917,-4.631462114737157,-3.683756748425515,-4.444656861845711,-3.7484306865447663,-4.054940610550439,-3.8172083453732952,-3.916133233824165,-3.9017074189568333,-3.604941282032967,-3.9291939064691532,-3.41174503046828,-8.739415408196681,-3.3632549789651183,-3.8032402866361976,-4.070864964060795,-3.9527029046555318,-3.8906491962057044,-3.979567605432293,-3.9643394223119155
56,-3.776668096016271,-4.040884940787136,-5.947079001691369,-4.087414992527472,-3.4838019170811854,-4.263028911810073,-3.705288748160364,-4.411770868041664,-3.541914760118834,-4.368954200758164,-3.6169609100079505,-4.148300102796833,-3.697631847973664,-3.902525696756232,-3.7696915609909323,-3.8316052750930245,-3.838697745264237,-3.5624764690043027,-3.872830033804536,-3.382871353284224,-8.63742471875195,-3.355299815451518,-3.7740382996064863,-4.100273328193098,-3.971444731821671,-3.893103470035284,-3.975844300433914,-3.9549855989928844
57,-3.907860292569116,-4.01814225847331,-6.069410803376811,-4.063630454218514,-3.4729121811378874,-4.204894557279326,-3.6371957487180655,-4.336493663994311,-3.507457114003748,-4.183373097870261,-3.592347541923012,-3.9980330814791563,-3.697753121644861,-3.863645827398462,-3.7550800521186627,-3.7862286206613534,-3.8234381119349203,-3.520912413245798,-3.8668233135939793,-3.363543843089321,-8.632347127271853,-3.3530286926304744,-3.7912903274677356,-4.068850687606128,-3.957068441330873,-3.902014096333337,-3.9589752041866832,-3.9525473053014837
58,-3.975233638490593,-4.016592500255125,-6.191274726117246,-4.0487233026468505,-3.5309901809698374,-4.134049987189691,-3.6530756048116775,-4.210571650380936,-3.535907086020674,-4.00718106114065,-3.5986127896397866,-3.869691711832322,-3.7094764628926864,-3.796084670855352,-3.764823141760281,-3.720793855680029,-3.827959981933339,-3.476919404835538,-3.876575139734452,-3.2994207842013297,-8.66714043136714,-3.2738282192115395,-3.7993335917701514,-4.065193479738554,-3.9701299303860633,-3.893573185800332,-3.9780135782719968,-3.952241564405264
59,-4.133263731244121,-4.049331631065579,-6.517504209543831,-4.019127975664253,-3.6434123962325042,-3.9841356093794094,-3.694514107149381,-3.8462253793080157,-3.555640394161787,-3.6276892644795398,-3.622362543679932,-3.6139322917447454,-3.687789237273468,-3.588390593463046,-3.771059944362259,-3.5987672659792884,-3.856232780951754,-3.393651570931091,-3.911133958705129,-3.275852925368693,-8.796216491185788,-3.2302249467154844,-3.7623059002992227,-4.079318291433728,-3.952636174810936,-3.893553838240215,-3.9732677759710295,-3.9691175780001395
60,-4.217371976046311,-4.015104091517588,-6.713948340925435,-4.0009072954647085,-3.6994126517289496,-3.9231175906149702,-3.7066315069328684,-3.7577790699633575,-3.6125270335880497,-3.494315243660064,-3.6656815418653745,-3.5426383137073842,-3.7047708467213902,-3.580595199885674,-3.7836026251087147,-3.599908018990793,-3.8761693982315446,-3.401055690681237,-3.94288409032527,-3.2847333118010043,-8.851530295631962,-3.2531834426438557,-3.7607706665617093,-4.090875414403263,-3.9613388321033973,-3.9111314548941154,-3.9624418302366817,-3.95039707497748
61,-4.151857092160226,-4.023324531163572,-6.716564094115271,-4.0123904985146766,-3.69724050482358,-3.9336097550424087,-3.7115355183340153,-3.702898918768347,-3.642957675412306,-3.3401131635859986,-3.7335392430373333,-3.441342820419723,-3.732225162682907,-3.554375360412849,-3.798234137757997,-3.587719202445893,-3.911899897087052,-3.392838322463084,-3.9417498728593197,-3.2516628984700855,-8.865994079461988,-3.1976188540276387,-3.7390223038332415,-4.10946249559538,-3.9515442318993825,-3.9102604564007266,-3.9659694621555737,-3.953720048634026
62,-4.156567526799803,-3.9689036342173996,-6.797557444777895,-3.9581938987342746,-3.7339219698391717,-3.893885140147216,-3.701532070546052,-3.6240967029249553,-3.583768480511216,-3.2759315988174493,-3.6801794442519005,-3.3723300694488114,-3.715140075156843,-3.47110398552421,-3.793620454125252,-3.4919879205476514,-3.884931248450133,-3.3181761041623417,-3.920167911300376,-3.220089111249946,-8.830445868833547,-3.165634047454607,-3.7603965339702143,-4.073561001169798,-3.9490589442901616,-3.9207518500179206,-3.97344170759724,-3.9669319926184916
63,-4.199695645779845,-3.9912317190855635,-6.772855874938593,-3.955253561393083,-3.759682625965271,-3.891887453285607,-3.7081744187148895,-3.6247821029128113,-3.5903525445446407,-3.2908362450046234,-3.66180189921441,-3.3801759208057365,-3.7182856110035423,-3.4554536446049537,-3.794205877161911,-3.479217036259521,-3.877194343499344,-3.3044973116018337,-3.9141805162683934,-3.2320091226789187,-8.751702357068414,-3.2170241751856676,-3.747133005828481,-4.098665368109366,-3.9515375269867685,-3.914874491200339,-3.9951325389822534,-3.995555125877706
64,-4.185373142063238,-4.008000837637058,-6.83243703270971,-3.975536810664003,-3.7754247723727867,-3.8859873412197277,-3.7355649115316436,-3.6089096461935513,-3.6153076965743316,-3.2561210811385313,-3.6613439777979844,-3.3479891077571517,-3.692959516152343,-3.4274714668290867,-3.767212655436342,-3.458189955947704,-3.8292005952537047,-3.3549446775628744,-3.8572400143784162,-3.3141446923535223,-8.644853787746518,-3.329565791336313,-3.7806430886002227,-4.101883451451831,-3.951007519608645,-3.930844827211976,-3.983965868980143,-3.9872490979034065
65,-4.144294320726375,-4.027520523031167,-6.807580519245841,-3.984357356780853,-3.7802443342938847,-3.874153779929198,-3.72307137118434,-3.6208240631224538,-3.591345669124091,-3.247068226748129,-3.644939724647336,-3.292117939788025,-3.7054549884099965,-3.41227845998186,-3.774496218182354,-3.4936524409981637,-3.830633609533829,-3.418649918746068,-3.8574122358227574,-3.424354560898494,-8.608426730706343,-3.481213628230549,-3.8082699656914483,-4.104013457769026,-3.950205484347294,-3.927392004307499,-3.9890488260565427,-3.977408339017729
66,-4.1603044813256025,-4.022445709622297,-6.810479743066852,-4.0049294682212455,-3.7652648067658157,-3.899194223940646,-3.7233308871599338,-3.6256604530716365,-3.597933595785525,-3.243527612534609,-3.652244030999774,-3.29820799484277,-3.7213319528963535,-3.443313091850656,-3.7803717025620247,-3.5333349951286257,-3.8239965221623113,-3.480909514517698,-3.821698453238544,-3.526012516834804,-8.533255504259673,-3.579788254607773,-3.7912255286411525,-4.1013581604558675,-3.9556501926720666,-3.9433648483361887,-4.001512195271963,-3.977606005930922
67,-4.162297329504646,-4.0409834125649935,-6.795036181798451,-4.000758205312723,-3.7590481459972716,-3.8683613073335876,-3.7412737376587204,-3.614779429447793,-3.6348710490830065,-3.2092280746950497,-3.682687897312157,-3.265439792290153,-3.7236345049090196,-3.4729093708418177,-3.7583362919456356,-3.6464986915221633,-3.7748811807249014,-3.641092334986308,-3.760948901813078,-3.7714580948889105,-8.330400288176017,-3.8257637909296807,-3.7822504513483217,-4.105142274590141,-3.9627794304709205,-3.9537405148808342,-3.9679618878737237,-4.001325633752082
68,-4.144858815367735,-4.0169371514776255,-6.798553148070199,-3.9477165883034844,-3.8155298841933134,-3.82642994203873,-3.807737144881805,-3.5638795158504193,-3.6449306199636164,-3.2376914067138327,-3.6896913364207102,-3.307680283337227,-3.7089211744797277,-3.514210877515175,-3.7201740863482073,-3.7153900098346035,-3.7371661181712956,-3.7567185903587954,-3.7150282988105214,-3.8999035051864688,-8.24472515701988,-3.9817377739478075,-3.7609612513457784,-4.097983246925863,-3.9589694436979466,-3.977738655188176,-3.9677645922977245,-4.018823976713901
69,-4.064391014717176,-4.013010784716069,-6.76835641368352,-4.001479894829678,-3.7527986366856085,-3.868940752355955,-3.7398059489222657,-3.647283507895282,-3.6366113775919393,-3.2538262317206077,-3.6683672785583363,-3.2514464736649598,-3.720931552052589,-3.470294183791572,-3.7397790380574616,-3.653360668505826,-3.7541155986898103,-3.7110789579880277,-3.7316621620733827,-3.9002858045526487,-8.255591304192643,-4.024346521137163,-3.7490497023414897,-4.110784195520707,-3.9534691803829376,-3.9876417396625703,-3.9658659468780346,-4.03646293638226
70,-4.078377006789514,-3.9964784673446614,-6.78461177794228,-3.9824345597269635,-3.7505732218724774,-3.8632093037119937,-3.7384453287263395,-3.6379180822515584,-3.627436777706501,-3.268892304087729,-3.651507678649828,-3.2499461253761153,-3.69108208108491,-3.4612174132919313,-3.7125617115175387,-3.7068984302296966,-3.727146651756828,-3.813894216421356,-3.7206479470620133,-3.9839099955137574,-8.281368545484483,-4.046244778804384,-3.74974284454078,-4.099543977688751,-3.935014387333022,-3.9778339598361563,-3.9565550883876663,-4.02971855737459
71,-4.057518747696238,-3.983802570511648,-6.7717092921167925,-4.000226139832824,-3.721762978027054,-3.9020389006496736,-3.7135160349898615,-3.672591398727379,-3.6210771752785442,-3.290169758983505,-3.6570251719572915,-3.2412205590259,-3.6877322254660836,-3.4769506116226805,-3.7093489173937675,-3.738971703476913,-3.7218626353209165,-3.8418013568198908,-3.7022168421918673,-4.015956343394475,-8.264733560327008,-4.0216216412749075,-3.7647556477929043,-4.094556056666678,-3.92439955281913,-3.9771352979430636,-3.9162649304737975,-4.03175388376125
72,-4.084897101992262,-3.9994427804669903,-6.784464962507854,-3.9956849469846865,-3.752969685856086,-3.8776982544541223,-3.731819265972974,-3.6383910662989827,-3.653880758243587,-3.2852835555090873,-3.698309822067033,-3.252797840893396,-3.7474927928810984,-3.4959764210749835,-3.7380580881162717,-3.749611041348083,-3.7412930441841006,-3.8566746445297846,-3.723481927660975,-4.015541472674353,-8.294123085716304,-4.055402515357947,-3.728020577267361,-4.102077416143546,-3.922687565131483,-3.9890150581426838,-3.9163408633106127,-4.01886736701192
73,-4.123031082251685,-4.032428481483112,-6.771064117024329,-4.00457724273718,-3.7447486720916197,-3.8607957499206313,-3.7587217216615367,-3.628942655006505,-3.659378136263542,-3.2584077664737907,-3.7350126833539585,-3.254841788368512,-3.7880281879310282,-3.5249635686269656,-3.7926358932253708,-3.777734235159451,-3.8039456574909134,-3.8888078766802847,-3.781670608731723,-4.077904574335799,-8.441421687864391,-4.0827346889148135,-3.739765584491109,-4.130395540075578,-3.9192444328630054,-3.9688971785031315,-3.91970364958377,-4.01906583744915
74,-4.142092063244891,-4.045317733834817,-6.7710336363113,-4.037682245078864,-3.6822870193837494,-3.9250333471711247,-3.705684851491533,-3.692215967886384,-3.640365852017622,-3.2956267060550712,-3.702925081451211,-3.222964928599265,-3.7820340390032525,-3.5051978683829725,-3.7950279073735578,-3.7417040236170687,-3.801623422651036,-3.834222219465439,-3.7923776102425433,-4.000273512499965,-8.44581761001231,-4.029433431069704,-3.767321505401188,-4.1285034830084415,-3.88568666450747,-3.9601825358232943,-3.930826187680723,-4.020510171906324
75,-4.070856845596333,-4.024081826026619,-6.7630614058183705,-4.018205480348842,-3.703318077166303,-3.9046377864423394,-3.7132113401197313,-3.6528175920025077,-3.6472391839709033,-3.2823507943593704,-3.7014468596258197,-3.215551485685965,-3.7656475932786555,-3.489190528538417,-3.785112285155199,-3.721473506285408,-3.7883596882701602,-3.8288410115250575,-3.778233284689962,-3.986239123349013,-8.423749551268454,-4.002332421660909,-3.7292784368422125,-4.127921949462465,-3.890275059706867,-3.944189627658188,-3.902482471593184,-3.976097389550759
76,-4.049249083295368,-4.014988035493684,-6.73057709391881,-3.9995133025436425,-3.686400189661371,-3.8632861486881436,-3.7091068900846844,-3.6383982378982576,-3.6412130550944735,-3.2480082095384915,-3.6755873567948196,-3.238269280556053,-3.739263649284669,-3.485463886991817,-3.73900764240638,-3.698804664465369,-3.732085837945484,-3.7950118587888366,-3.710282830695652,-3.899202392991452,-8.317574764195557,-3.8391081959132984,-3.7246610073352713,-4.1275841336332135,-3.9317522877051436,-3.907976011154391,-3.9394903190609485,-3.969822670342932
77,-4.055651545098658,-4.070734784591725,-6.5679767142378935,-4.044448142538663,-3.6269863490759002,-3.8870470673430333,-3.6700276716465576,-3.659484447290457,-3.599658473782418,-3.299509840645814,-3.6340102990336254,-3.2866467011866347,-3.710992054234642,-3.4899951516828356,-3.7288354092360194,-3.72210233897855,-3.7402254425794865,-3.798307731973917,-3.7339058721444625,-3.8968776816109685,-8.315448631914862,-3.8545995703889955,-3.74240972846454,-4.114279525792409,-3.9425481548596357,-3.9144441871318234,-3.963146642721994,-3.968558727032148
78,-4.0900052322114275,-4.066214461074837,-6.408423389836184,-4.0470586179185855,-3.4792220607450126,-3.8972089678840027,-3.5321537682486364,-3.7269989073796923,-3.443186846545999,-3.3458473183734747,-3.547028034031597,-3.3673660931896907,-3.619758332759576,-3.506766333289593,-3.6575719536255686,-3.737107964339778,-3.7082102211717203,-3.7221820748051733,-3.7164245429624163,-3.7075649676774742,-8.318429385994657,-3.7261437311861827,-3.7923203649237864,-4.103380008023035,-3.917383340690068,-3.94613871519584,-3.9355642019984263,-3.9782805643602948
79,-4.024116325101681,-4.1430709021705665,-6.19807497319418,-4.1184849142945525,-3.3151216888350725,-3.974269505492958,-3.413676320014416,-3.7479509054140316,-3.3427911360346405,-3.3912537195827714,-3.4727046295830637,-3.3852554482287833,-3.5642624462656864,-3.5159495885094727,-3.591466972012464,-3.7622631426634388,-3.635363339958321,-3.7325714114927577,-3.6775124433243813,-3.6520802182946173,-8.282069369161531,-3.5919152816565516,-3.780003310140473,-4.100838998455738,-3.914039185703048,-3.929895721901821,-3.9405180083523788,-3.9561740110441557
80,-4.0035770965282955,-4.1211214647339265,-6.091628703116072,-4.1120917422147185,-3.2946531993450408,-3.940745602129173,-3.3503328831942674,-3.6834095854813844,-3.3291521965314663,-3.417762495992853,-3.4104354087333233,-3.456133369402321,-3.503151061518495,-3.6167427166347585,-3.5177964994210655,-3.8323715967389056,-3.617624568060702,-3.7008007574791772,-3.6899965086825044,-3.550409289022414,-8.321013532463004,-3.466835737690557,-3.8117485778117404,-4.077851658783365,-3.957057905039622,-3.8884055958085018,-3.9648567540468544,-3.9557730525495076
81,-3.9635311182900748,-4.116333469916117,-5.91818938188178,-4.1206224943486465,-3.1469676291445112,-3.958126975172128,-3.2514336563738597,-3.765567426776031,-3.2170364142761048,-3.5876949078871587,-3.33647834141793,-3.7165806057346034,-3.3852977692154567,-3.773318626062377,-3.4862230378774464,-3.785315457072751,-3.624777111026736,-3.601480600603832,-3.696893608076429,-3.4650764821214826,-8.34790341584662,-3.4084556216978403,-3.7950486594095683,-4.042511508270421,-3.947661768213859,-3.9382771566018766,-3.995364231484331,-4.037287352044602
82,-3.820449572019927,-4.109428722635395,-5.777945081172527,-4.123948136551376,-3.0877591659367414,-3.951210927318617,-3.1789950776803253,-3.806583852058243,-3.16443385849378,-3.677826380497972,-3.2779736392004075,-3.837919502173801,-3.307282548352958,-3.7818607073284767,-3.4684778123124125,-3.756992421042095,-3.624803659376222,-3.5510839897480393,-3.6840432169068267,-3.4494764597539427,-8.268056275799061,-3.4303772555148666,-3.788615396721493,-4.042652114645456,-3.9466525192245543,-3.981820990372736,-4.026997072503329,-4.09328092458877
83,-3.810314161781841,-4.052629654101759,-5.910412227952243,-4.054174411328825,-3.0738378941761932,-3.8755587434085896,-3.1528485804712756,-3.780698818236872,-3.1693419711517707,-3.765696031116183,-3.2617602785920274,-3.9773381587146632,-3.283334623319558,-3.9183812392336392,-3.4479586254818404,-3.8562419860053345,-3.6183804502809016,-3.5973090560052086,-3.670056334720854,-3.4416736882859404,-8.22341087808301,-3.4367199841619254,-3.7768985374043154,-4.0601399424081315,-3.9727432498980706,-3.999086896335872,-3.9994483797072355,-4.07526029100266
84,-3.8559249646135916,-4.063731565533145,-5.65253320343543,-4.036202991227132,-2.968636735676188,-3.861679184628063,-3.0666908525821386,-3.772256821375988,-3.141469676612779,-3.8050098000901187,-3.2509956311265564,-4.094324991347734,-3.2786856894076277,-4.000057932612804,-3.425992915525983,-3.8978154029438805,-3.6040989297377055,-3.638502949530607,-3.6697960131977236,-3.4939335976001447,-8.23949264069156,-3.4564021828276434,-3.7773389348591944,-4.054585630065086,-3.9738572232367866,-3.9699480376479723,-3.9918197256017023,-4.022513357331489
85,-3.8760038569117015,-4.073905419534326,-5.59480882909971,-4.009893238468917,-2.9270202949393496,-3.8800889242636165,-3.0666855992223088,-3.825967660384444,-3.1430752423222525,-3.9148130009745614,-3.2275982375016197,-4.12387956341681,-3.26187214944968,-3.934964049693954,-3.4328320193514754,-3.9110339836858286,-3.5909249824713823,-3.6427894223560573,-3.662643423575314,-3.500607964873963,-8.233658452589054,-3.435928831358529,-3.760594155730926,-4.046705904596463,-3.9654301059246393,-3.9402678055649645,-3.9995051670851955,-4.02597815298063
86,-3.823921760349424,-4.075125375448894,-5.642581758643103,-4.008573324717119,-2.9337273163921163,-3.78779641279755,-3.082220309575101,-3.698397203451997,-3.1675823295027885,-3.8080705888997946,-3.2771857936791355,-4.191413404836837,-3.2774044067075776,-4.004628360377224,-3.424625157272687,-3.958600796605015,-3.596910292948214,-3.6747202174775775,-3.668431882945516,-3.5319774910609087,-8.26409357986308,-3.4637760594160953,-3.7288878846385525,-4.064874050896807,-3.96683941469996,-3.965679750913404,-4.001103650649953,-4.050391222046041
87,-3.6955644194664776,-4.057305109744874,-5.551336220152926,-4.007572557071916,-2.798053363458899,-3.80185395810372,-2.9829354861431834,-3.7894300696018464,-3.107066107289832,-3.932190622019601,-3.2266209706715467,-4.203381307777356,-3.2307568845388723,-4.033415808621038,-3.389670119736745,-3.944929531147924,-3.5605682871663418,-3.6720491571398677,-3.6448810267225524,-3.492729009561148,-8.224012549857198,-3.4274895218089694,-3.72499145203011,-4.055269914423589,-3.952973016849442,-3.9874117186700753,-3.9915357887119005,-4.071372439947843
88,-3.738272263081276,-4.06452481041033,-5.608433199812119,-3.992462270168172,-2.8244843074243255,-3.7558094089567673,-2.9944387681625635,-3.7039524608523196,-3.1314955127292783,-3.8420710244381175,-3.245792981780908,-4.203026660179895,-3.2335336561516836,-4.039354678322146,-3.396465777859037,-3.9620595323004606,-3.580336665467366,-3.700974024907439,-3.6664737876459927,-3.533765603186624,-8.240395148352842,-3.509101374947777,-3.729455534087717,-4.069635920131323,-3.9516339500157995,-3.9905990500551773,-3.966238147578152,-4.062138341710381
89,-3.7164343326426725,-4.031760670894388,-5.542184386065746,-3.967280477591074,-2.8043591000065318,-3.767174554914735,-2.9804175507767456,-3.765069171378781,-3.1034833052201476,-3.895306409827545,-3.223148491882416,-4.248109419164811,-3.233871772419752,-4.018932915683247,-3.4031095322996316,-3.9488013572342537,-3.579560499114976,-3.676608949124042,-3.6599867799091386,-3.507073654659816,-8.227753280737907,-3.4842649949850797,-3.747312155525505,-4.073202274648877,-3.947276395379284,-3.9691705523618133,-3.9619203598573542,-4.03459594828143
90,-3.6871428877975774,-4.0288022191874076,-5.520863635313328,-3.9554790602479613,-2.8237616394756992,-3.7868200295711723,-2.9870262774426726,-3.7797880251289437,-3.1326894939652465,-4.006196546990302,-3.2332367397616966,-4.2489818667893005,-3.246219936712662,-3.9883497919747346,-3.4199436483335055,-3.9074789121935654,-3.6249468414858095,-3.63930628033437,-3.6882484326030602,-3.471454946925593,-8.277856540016058,-3.4356233830010785,-3.7455743155021595,-4.0705080401857066,-3.9608161682009957,-3.989341816935762,-3.980183829607988,-4.057107879474422
91,-3.6612886690332234,-4.030549311722331,-5.5061932681321135,-3.9367435531173416,-2.895295112808109,-3.7639671247153514,-3.0992779689425607,-3.741791184646243,-3.2137909483859572,-3.9651519924915934,-3.3139673659565148,-4.245009159634555,-3.3138534063149634,-4.068823110916669,-3.4816971833281514,-3.9500599579195352,-3.653269754242581,-3.6592069487279404,-3.728362103638249,-3.4942830495839603,-8.381008320777827,-3.453277051333728,-3.7453963386345754,-4.06556951165948,-3.9316501176081564,-3.967992142635464,-3.9804732829859337,-4.0601934117779255
92,-3.643305690709968,-3.986122518706648,-5.503681149366579,-3.9331467532006883,-2.9607353293582883,-3.875734752306169,-3.1635444210848105,-3.940852241208833,-3.217035985095215,-4.051572147342275,-3.2801102380020235,-4.175632313486743,-3.318534635932812,-3.8241131322634203,-3.509018904579363,-3.7592393210021697,-3.6805125369601495,-3.501451039039034,-3.7698904914225,-3.3694193841062976,-8.517996251754413,-3.3916637540879977,-3.733106258928391,-4.04180811586608,-3.95441616946939,-3.9936273015015447,-3.9910707812112314,-4.076022433552106
93,-3.580347421264105,-3.9986124132925966,-5.515961828646263,-3.9227029880540947,-3.016029785076899,-3.905552863198774,-3.226669318136038,-4.032962554773572,-3.240646513396549,-4.151270811551323,-3.291340530859618,-4.171858368868689,-3.3964813108072422,-3.850694825587999,-3.548777036511646,-3.8108849728526257,-3.7226390999693684,-3.5526635236268973,-3.8195925771616985,-3.3592328311752393,-8.662600851632687,-3.3083901164330607,-3.762832793925331,-4.0656960573970125,-3.9579921228639514,-3.978711049228101,-4.023938991075343,-4.047208865096035
94,-3.551331668318048,-3.980548703471095,-5.601904231081148,-3.8929804685355838,-3.1174187369781334,-3.8872013223319226,-3.3379170925724457,-4.040182647719882,-3.286601915554621,-4.121297495334363,-3.3519428441918984,-4.163718189075348,-3.4605385253012795,-3.873712031909563,-3.598950572528609,-3.8208268894374515,-3.753977189317209,-3.528034754653012,-3.8463016791123263,-3.3146282941510297,-8.722173117634176,-3.2753097476391737,-3.779908897370519,-4.066316888622167,-3.959639615677875,-3.972421659037669,-3.993868938697811,-4.01753191006181
95,-3.5819939246664183,-3.96850740253983,-5.739227463458384,-3.915580206042981,-3.269545962887478,-4.026472953463707,-3.3876123005546943,-4.217364520913291,-3.311525308198452,-4.186745606199835,-3.4099098105774424,-4.119010789688973,-3.562651615546077,-3.7839405578216545,-3.6922088060833906,-3.76898856599336,-3.8435205959888528,-3.532695181759662,-3.956642196500196,-3.342708113589863,-8.945369684607867,-3.3205607789614753,-3.7985753575369183,-4.111377626529189,-3.9721027711025814,-3.9843017775254395,-4.011983787767841,-4.091885605097876
96,-3.60688231130891,-3.9128524822822524,-5.774565786121298,-3.9025101246878156,-3.366826479436226,-4.05594610951852,-3.5084590140721685,-4.227381196072131,-3.3748659698484706,-4.142332996507551,-3.463889366460608,-4.104078527014767,-3.6018045566539527,-3.816854046228406,-3.7221463337381295,-3.798220089117628,-3.8823912574852573,-3.5435375223463916,-3.9972199560149386,-3.3440838392512653,-9.064646043572605,-3.3144232409627037,-3.7764129860159805,-4.103782719102303,-3.9544433084014017,-3.980855403807668,-4.016331753923782,-4.055031573361856
97,-3.577131258568721,-3.9016622588596133,-5.7567752099496055,-3.8707464678072765,-3.3921213373022354,-4.028010983059888,-3.58429599123962,-4.243506366289654,-3.45410134575948,-4.215785990425098,-3.4987289105623036,-4.1143338744974685,-3.626883820038501,-3.7933688249966133,-3.7520616697027416,-3.748862178616835,-3.9208768187660836,-3.494120426682695,-4.026929007745214,-3.3121887549464804,-9.09584058428446,-3.2915982488232176,-3.787965649211499,-4.091466321707578,-3.9461621027590144,-3.9796254005876746,-4.00940888580147,-4.0536904917434855
98,-3.606358605957766,-3.8951924285977615,-5.838767819987723,-3.9489279457883675,-3.4974219292300623,-4.1737969210301635,-3.6110897023797053,-4.359391214460543,-3.4423838491008167,-4.267085374939152,-3.5235442054405084,-4.118298587546533,-3.6515956373812406,-3.8137601634297305,-3.7995225060212703,-3.746335936022623,-3.9565461669289537,-3.545508220570872,-4.058212493141578,-3.303966420275161,-9.158026291634686,-3.2332648851301107,-3.826266153832647,-4.07192023293189,-3.9413368006472274,-3.9603749365600067,-4.001572552142253,-4.048366743233887
99,-3.572064646019952,-3.8842769101744627,-5.863710695471843,-3.9336392166089658,-3.563802620285046,-4.120689697034766,-3.6931193401145612,-4.282362432666448,-3.5403654171059493,-4.226803419980197,-3.608578189524622,-4.151020642307268,-3.724341714958996,-3.9257503702682914,-3.834581938268501,-3.8527717149555776,-3.971892604412209,-3.6187720482132133,-4.058712105846449,-3.3660645346503015,-9.22740614557327,-3.2402346140619365,-3.808602462837808,-4.0406565857074614,-3.9427298260633417,-3.9820617600097403,-3.9717562582193793,-4.016713119067729
100,-3.609682568920145,-3.8817541570083995,-5.976810397192461,-3.9443681166712317,-3.5685952523194424,-4.164830072875645,-3.6999329478138514,-4.342724076240667,-3.5197055074233354,-4.2565247629185725,-3.608358240121391,-4.132445974390295,-3.735043786894204,-3.9467230052289155,-3.8657003138850645,-3.8542697521844054,-3.9928658005062028,-3.6224182483029126,-4.077317137323751,-3.378835265679684,-9.268176168631426,-3.234735504687836,-3.8419844139931847,-4.03746229729,-3.9264898891471827,-3.9781761250196976,-3.9334585260236583,-3.9961517424754534
101,-3.6131857134073937,-3.8617030366226786,-6.038419030391938,-3.938667281984681,-3.6263983305607814,-4.152749308077281,-3.7454732735066867,-4.339298442320298,-3.5702209565376117,-4.25707732287706,-3.6410828861151012,-4.113495220137901,-3.7573106874798277,-3.8696552553640458,-3.8762479304334434,-3.774646813166303,-3.988696516452645,-3.5562122972501995,-4.0726577799310535,-3.308327669362271,-9.255200790070504,-3.174326338892055,-3.7979968594154294,-4.033228603284782,-3.9165662991957215,-3.9606791231996152,-3.941562896106848,-3.9774702103686064
102,-3.6280020588876676,-3.8758056019515554,-6.071430150615031,-3.9327414143499775,-3.653695469892968,-4.128464317985778,-3.773814099116657,-4.2843906292423695,-3.5980795172881237,-4.193815330692213,-3.672586776140044,-4.125148446009361,-3.775243372512201,-3.873846351541475,-3.896894016224444,-3.7821809583633588,-4.00757090145693,-3.562059635410048,-4.088548760594066,-3.3261872604024116,-9.290666186325533,-3.1856128634878496,-3.794174315061734,-4.020524637035796,-3.944367101867566,-3.9637675670552333,-3.9466740846225767,-3.9741717441952003
103,-3.65136630999849,-3.8815310324641272,-6.125057409107671,-3.9248820338067096,-3.7128121939262604,-4.09800828078381,-3.8190962221738562,-4.245420500286629,-3.674941522877457,-4.194528945735982,-3.739550702981149,-4.149986132358529,-3.8292328950086825,-3.8793541037734105,-3.9189672464817504,-3.7957736587045976,-4.022378317956799,-3.5793887118043557,-4.10556941162219,-3.3168310009684436,-9.336754920263926,-3.1517901720701587,-3.769532875311104,-4.0395501216946865,-3.9417675114623405,-3.959398601350429,-3.962449942719247,-3.9912627004700725
104,-3.639428522999057,-3.89042944248544,-6.128970624648806,-3.9553085383866278,-3.745642093277902,-4.114757095365,-3.82901167618467,-4.266635115456325,-3.679861652600368,-4.161089605333477,-3.7224821879204097,-4.115092587800231,-3.8468159295923026,-3.883090131511156,-3.9300605910717765,-3.80284140146787,-4.0210010850402025,-3.5923035525220697,-4.1078446672053515,-3.3455743927367334,-9.35247444040918,-3.188689684272168,-3.795710721628687,-4.036270748393871,-3.9378170408060096,-3.9695213164609604,-3.9451710038527934,-3.9906608609660816
105,-3.6612886690332234,-3.886072066315246,-6.214463436566505,-3.9659037232188314,-3.760277746868091,-4.123861529929022,-3.8612328960329445,-4.241027383473588,-3.697283821648854,-4.173140533534908,-3.745759308209466,-4.071950216285026,-3.8556583620531333,-3.8348956002574663,-3.9353059564755246,-3.773927880002999,-4.014331185101904,-3.5493166036405612,-4.10595392583703,-3.3087919491701525,-9.330352862172301,-3.1722905359790476,-3.817707724198525,-4.021671480315246,-3.9458086580797485,-3.9683601045658263,-3.960842048674714,-3.986510257551044
106,-3.707477077349618,-3.8954964406738455,-6.3209239309773615,-3.9671267283718388,-3.8016725339220794,-4.126615235747166,-3.8404963087766544,-4.255399609925458,-3.67059778308981,-4.1431304789459595,-3.731053594095807,-4.023616036498806,-3.87189618162091,-3.79217580773582,-3.944788684456953,-3.75581425607066,-4.011059175601762,-3.5359187143349637,-4.087851349002626,-3.315972000515337,-9.330319060387234,-3.179981289264855,-3.8168492130481373,-3.9840088009100594,-3.936513094943207,-3.974756622913198,-3.940949267925575,-3.9589200544418697
107,-3.7340003133115047,-3.9242244095807,-6.3683996735687165,-3.9421615824218446,-3.837695844344,-4.111805909258882,-3.90644908942428,-4.230091377588635,-3.749490243469713,-4.100177384577202,-3.82527543117775,-4.089242193608726,-3.920856471790888,-3.867357256842171,-3.99085894571403,-3.816952257454128,-4.055922306680477,-3.5842119052830097,-4.10730697253094,-3.3664829937399254,-9.334436117808355,-3.2103287264115528,-3.8429259028264835,-3.9868840210149417,-3.9482195530870996,-3.9741138539715535,-3.940523200341221,-3.951153994620683
108,-3.729549546206954,-3.899468526475121,-6.4567673247370045,-3.930599175228634,-3.8561354184139747,-4.132063318541575,-3.907180619780584,-4.224231497971488,-3.72575568189117,-4.08250140342026,-3.8092853302479006,-3.981978010325286,-3.914829368061156,-3.787984387896627,-3.970295375503208,-3.751346020989795,-4.021766512734374,-3.548166737980273,-4.096248707480176,-3.313457933636514,-9.296228833421335,-3.177020829759565,-3.896481986393922,-3.9819072763970382,-3.907485931825959,-3.9626626063996966,-3.9228065119155193,-3.9233187166801105
109,-3.8102482433753337,-3.9542680708528177,-6.543342709979141,-3.99617042179209,-3.886542811693769,-4.1086275784438495,-3.9318393654858252,-4.188583868508447,-3.772694337468222,-4.032558369912432,-3.8595908483570325,-3.911280683266439,-3.9781312584943636,-3.760590303545301,-4.020833355332636,-3.7654621770037093,-4.0814955263410395,-3.5696871943016912,-4.1288366424302145,-3.3441274517421364,-9.339416810837928,-3.195774735543031,-3.881581481560718,-3.9685035230353765,-3.910639795007342,-3.968241511188075,-3.930020455912291,-3.9605962055838244
110,-3.8419440712025295,-3.947440694254698,-6.681183098454115,-3.950780856833514,-3.9356720989546723,-4.034797355016146,-4.053348002341858,-4.083602583273408,-3.8658416119284427,-3.9710249366843584,-3.8902866634005413,-3.850158114602135,-3.991863194921405,-3.7053651914617305,-4.030553315607081,-3.727715380033245,-4.080839871597553,-3.5265409794002647,-4.133923711495741,-3.3056678594759803,-9.336411832145501,-3.1709928999298787,-3.89611401115699,-3.9795429261214506,-3.94862408281486,-3.9748064249660904,-3.954396843525873,-3.9628127266409114
111,-3.8913133157754607,-3.9668603448268565,-6.748534297988397,-3.985438260382749,-3.9401966158533375,-4.066346172981897,-3.9978005515091786,-4.159723645502123,-3.8705505846534756,-3.989821252639605,-3.8966854255543937,-3.8414336383572403,-4.025211806760771,-3.6967001187254445,-4.069071525923547,-3.7079989653842773,-4.104040742679882,-3.5326770966072165,-4.150500167610488,-3.335584372043018,-9.388747699327302,-3.188982145879727,-3.884814972327963,-3.969111375210527,-3.9431509584318616,-3.985450091047163,-3.939916711144605,-3.939293578067075
112,-4.02570346551913,-3.944856591607985,-6.934269030847001,-3.969726953803813,-4.068158263541207,-4.071301261352106,-4.107410591018637,-4.0992988235533385,-3.9156656506289353,-3.958800336178984,-3.9402339361605985,-3.761793087252606,-4.083545760799113,-3.6268568230868796,-4.08896840775359,-3.6598267022469053,-4.106452466338252,-3.514420135214083,-4.161292995649676,-3.298151605511296,-9.405045793360278,-3.1725045576172612,-3.8676119100958495,-3.954320666144355,-3.9424175687044234,-4.009291659432822,-3.97446323140192,-3.96554511012999
113,-4.0918870024126575,-3.945562306015964,-7.020226673638403,-3.957771787241465,-4.131872008014285,-4.047880494724,-4.197917838178882,-4.053846251862435,-4.007173024908482,-3.9187235965706284,-4.034748180893994,-3.7610558126878044,-4.135020502358332,-3.7193023906660176,-4.1517821429299495,-3.7153042740930995,-4.16475502817815,-3.5608715575728205,-4.196514554567885,-3.3995666564351597,-9.489480962367551,-3.255675340213057,-3.898525641693858,-3.950469854114231,-3.909867133648874,-3.992600447662774,-3.940044888369144,-3.9433726678427865
114,-4.114918747970212,-3.932995822269459,-7.0755542479062195,-3.9382106933942254,-4.144099360308029,-4.032971721795991,-4.195940998874916,-4.041906563583705,-4.018165205863053,-3.908624626315232,-4.0422444832138,-3.7091348230301415,-4.153396759025032,-3.6788087437547152,-4.164945253322837,-3.6957418720125066,-4.171447598617132,-3.537088123627731,-4.1923252537245945,-3.353079053507642,-9.483610155664557,-3.1636247375113786,-3.9023188653115435,-3.9522144547521663,-3.8948034299742833,-3.9783151408220148,-3.9273462571593165,-3.947056022030093
115,-4.12245602609768,-3.8883111269784343,-7.229778019634679,-3.8489741806434,-4.253462222068283,-3.93811479176921,-4.335785174877015,-3.9185752048322517,-4.120756176626739,-3.81576263914797,-4.11897445780504,-3.6978442388618213,-4.175225360744642,-3.6880926577830886,-4.198984805501398,-3.689189790763591,-4.208803512712522,-3.5688404007928596,-4.221163535643876,-3.4036148892903215,-9.50916768535346,-3.2371936367073184,-3.865742419967817,-3.928304881471228,-3.942271976316216,-4.020987976099486,-3.931380107990312,-3.976959169080839
116,-4.2090538743633115,-3.8814087242638515,-7.29229193001114,-3.8753631375448565,-4.263120285611015,-3.9943266093047294,-4.335107754126959,-3.9992690153606114,-4.076868138815778,-3.806444080976321,-4.092304673142405,-3.645330231910045,-4.188714420281269,-3.6184374096292014,-4.207220423009643,-3.661567293682606,-4.219623605756435,-3.534947366631067,-4.23059052826804,-3.380729924776768,-9.543242701516082,-3.2076155346241992,-3.857315054023663,-3.925917817858135,-3.941801355306968,-4.011227490308913,-3.9363825892396593,-3.960772980872046
117,-4.252352798496127,-3.9153060707472016,-7.319157630475552,-3.873646737170122,-4.354047124495145,-3.959616129103332,-4.383062523997584,-3.960685128251541,-4.103576065600211,-3.7920329906956542,-4.102309796330834,-3.5522788417895717,-4.201949727842835,-3.540404500385144,-4.18653089151544,-3.610493109520066,-4.189818161573306,-3.5453749154955916,-4.2254332633332865,-3.384679339456412,-9.511490431350627,-3.2248634968902348,-3.9027906359539535,-3.968405459102019,-3.9492872306006186,-4.037165044373849,-3.9466685681344327,-3.9816175996874947
118,-4.2857839921078895,-3.90304711592599,-7.3605306263064705,-3.891910280788362,-4.358808979516168,-4.024612570493307,-4.371789339138751,-3.975987272076073,-4.124172456511105,-3.8228301370723483,-4.132185030908444,-3.601852834693141,-4.2474372409826895,-3.5682811644260632,-4.215786727956641,-3.6592106519734053,-4.219615253466708,-3.5586663357585713,-4.239587251475155,-3.4067494680645765,-9.551242457315192,-3.2315766076442025,-3.8936616247970677,-3.9257707219580986,-3.942865520723403,-4.052863797967556,-3.9329828100460027,-3.9767462352109355
119,-4.299112985255705,-3.890918675286542,-7.3614826405767655,-3.8750747412821096,-4.3968523273735185,-4.005588071048553,-4.442556824070415,-3.9637477426467034,-4.212193165240327,-3.812070618310499,-4.230603561453367,-3.635746752672942,-4.306596712810028,-3.577509408631089,-4.263960198831274,-3.7066524465931625,-4.252894951879771,-3.6222289375942553,-4.255573152868217,-3.4649859447986615,-9.575156093523688,-3.2703773800303426,-3.8590892517596616,-3.9043963897777907,-3.931953754365141,-4.023731388466362,-3.9564944070180745,-3.998497229140538
120,-4.346060001532067,-3.8439765535642363,-7.4565956735385335,-3.8785415532225005,-4.389548705353828,-4.043511631815228,-4.450135058292938,-4.08439828928821,-4.194059843457119,-3.930212687446908,-4.214515991306366,-3.6568217588256964,-4.290228392226506,-3.5843953126526213,-4.255379203610532,-3.6964090519645754,-4.263884775382758,-3.5722722043172843,-4.273125530500899,-3.4044501512990304,-9.577763901241582,-3.275426628388198,-3.8778595073315385,-3.929984226329978,-3.9680951490482466,-3.979060021886496,-4.010715319993858,-3.96840846803716
121,-4.399206625730922,-3.836038634138057,-7.4830996695416605,-3.8600697492982055,-4.400749466691887,-4.039324428169931,-4.486231681687679,-4.106763092379727,-4.238655171374793,-3.9880659748668403,-4.247173328368987,-3.7022718833034727,-4.3269772805316915,-3.602799367856963,-4.275164189312906,-3.714643641234018,-4.276179345859362,-3.585310140750027,-4.279706322192592,-3.4207115377686406,-9.587793454233944,-3.2874445667378875,-3.8616334120232976,-3.9398886835991043,-3.972111072422961,-3.9659803546715087,-4.002017765185461,-3.9680412575520814
122,-4.393543834002858,-3.851201334122995,-7.478309117477153,-3.867098884057603,-4.392745667617957,-4.069098183690272,-4.452325446673986,-4.205319649178528,-4.188704095130862,-4.083119647134725,-4.22471789197093,-3.633438999710371,-4.304823085368756,-3.5725551180149866,-4.2639248796624845,-3.717592950741763,-4.256416038591384,-3.5672897448187117,-4.279461915522405,-3.370321444993429,-9.652597109837584,-3.231538686334519,-3.82002728762432,-3.9159376494639893,-3.9696810205224256,-3.982937416249083,-4.016445977678308,-3.974246471930676
123,-4.358698126076877,-3.844918287630254,-7.465385295152543,-3.8740968030664287,-4.415724259294822,-4.095131679507484,-4.526390202902844,-4.251762243074112,-4.344185387463615,-4.149030141954715,-4.305700466896874,-3.8189756519217672,-4.401300574931059,-3.7202753179275314,-4.3478338479356,-3.8186769488068593,-4.341677703594231,-3.690845172754263,-4.337778199610495,-3.50248495815196,-9.819589195328595,-3.34490625977827,-3.851579038437918,-3.8804294923593394,-3.975361677914929,-3.971830125301517,-4.012744738632509,-3.9833885666658593
124,-4.348328177420059,-3.8508742671465397,-7.416718264693609,-3.868490081538319,-4.416619752010851,-4.086503288269981,-4.530948543227188,-4.254563947857554,-4.378399473423628,-4.179590529934153,-4.336181481854284,-3.82114605161401,-4.4259609827827475,-3.7556392495468343,-4.399265121432285,-3.8400379308610435,-4.383896440086496,-3.707836756868268,-4.388161213700587,-3.5519003945647296,-9.869665976541775,-3.3985134854508248,-3.854477979607282,-3.8554765476698094,-3.9731790692180335,-3.997057552252552,-4.023700808587212,-4.013030166642441
125,-4.271731717438952,-3.8579888530967437,-7.397065824967684,-3.9056456769467633,-4.435482805947526,-4.1299401935571325,-4.521862069397522,-4.297673455613891,-4.362615702422702,-4.258751702012518,-4.355427054636967,-3.8659690021643107,-4.436640975000646,-3.7980625678929822,-4.424951846471662,-3.872982279241942,-4.419452734042005,-3.7450997550009646,-4.42878927551838,-3.6298041724827197,-9.929400491111583,-3.4991504077108355,-3.839481889174684,-3.863916895992738,-3.963516970858549,-4.00580945690002,-4.05996749964777,-4.067830907753132
126,-4.244245927066023,-3.7784002109264923,-7.343094134417807,-3.8365251529525994,-4.400340487533409,-4.092076244150633,-4.620230444207126,-4.269451163438317,-4.451354001599997,-4.326060852630722,-4.420681408190085,-4.039982877774214,-4.482687401581675,-3.9248554454918154,-4.4817253786670035,-3.9203261792332182,-4.470527582308336,-3.7548371511125107,-4.463200029517932,-3.6901644119051733,-9.8847888951806,-3.6143756058590815,-3.7950480729948493,-3.8744447081911866,-3.942040816471782,-3.996857627464682,-4.04805577924682,-4.074418197811497
127,-4.177535042920439,-3.79648267727711,-7.278858063755165,-3.8646729077407618,-4.42418734610678,-4.134545524278542,-4.598324196384723,-4.310080322359679,-4.406110825128874,-4.363804148975833,-4.4181060140071065,-4.02385331609014,-4.480505134596149,-3.9477234437403395,-4.485902729913643,-3.9437697603901225,-4.488409536315542,-3.7881514603960666,-4.489259464435945,-3.7271000512466497,-9.935831280720516,-3.6521592559937113,-3.8243949044604535,-3.8515374059938314,-3.9416844982585384,-4.010573972722759,-4.047706942496493,-4.082361836444941
128,-4.135794852377958,-3.796068079831448,-7.2443066515003025,-3.8588350964770743,-4.446574368074675,-4.116786706793906,-4.630650746097586,-4.27087011558059,-4.429472643104455,-4.351656365066432,-4.41971738246121,-4.029216270896404,-4.4602300222407445,-3.91275858707561,-4.475564527905873,-3.927195015076201,-4.472133310008151,-3.785146699826147,-4.467128724644291,-3.69767486927297,-9.930252859458347,-3.634688960569531,-3.8089390648872086,-3.8354037257814917,-3.947252129981249,-4.015872337889451,-4.066388367348913,-4.097908419519988
129,-4.135047170120725,-3.8589915458823882,-7.158464835418416,-3.8966350408861317,-4.391555425812317,-4.124950637954973,-4.612119781965851,-4.28164868778622,-4.4386603330070376,-4.360060545979711,-4.427480713655172,-4.091056128861309,-4.438873333285144,-3.974892259504169,-4.476362491073302,-3.9632049618069574,-4.478667485238403,-3.8054881208865603,-4.47492586581087,-3.7051014140001035,-9.996412530006248,-3.630576836083854,-3.867339520458312,-3.8257127017790853,-3.916003725099184,-3.999722499514511,-4.034440437507062,-4.099981109774385
130,-4.0882381818889275,-3.9697633084685364,-7.106512492106758,-3.965337646548011,-4.340190070156731,-4.147646180120664,-4.552653587368109,-4.32382622914153,-4.380475206798095,-4.38829008835857,-4.402436274164572,-4.073002894655765,-4.430911782680597,-3.9874458046688757,-4.470815506219271,-3.9894238868579346,-4.47533014890076,-3.816378591314473,-4.481168182683734,-3.7090392354859714,-9.997677843493907,-3.6432285278282537,-3.888833379198209,-3.885091134485496,-3.920700356745077,-3.9975580807985254,-4.029258832642662,-4.095994023500952
131,-4.053241335075098,-3.8560373925466633,-7.03995633117067,-3.896518564204893,-4.275865816274147,-4.153868363042466,-4.480634752124977,-4.3108767113839335,-4.27909817418176,-4.359572185398536,-4.300220122234437,-4.040506128327844,-4.368891834043478,-3.92193569272198,-4.398137095944135,-3.9972401805861213,-4.411618584575122,-3.8299876685292666,-4.429063238344031,-3.7124539831098096,-9.905116161993528,-3.6458300335665395,-3.8808247133642855,-3.836984646177718,-3.9421334081221766,-3.9710870356777876,-4.038061849724414,-4.054140063442394
132,-3.9905237952795187,-3.8617003012955156,-6.920092959228752,-3.8892602033368173,-4.221804512620206,-4.136157008631336,-4.421213999089763,-4.309694763522463,-4.243575730278594,-4.339194635069135,-4.27226411171378,-4.064804575912021,-4.326898848103036,-3.9848552159126664,-4.340492149212644,-4.079639087030963,-4.370013144785592,-3.8831384730848133,-4.399950993599098,-3.692151264495618,-9.900046457596607,-3.5747431620098826,-3.8553057039848597,-3.885262746368872,-3.945953292623296,-3.9971739959014014,-4.045866382451975,-4.080951249997338
133,-3.978529194625858,-3.8492248648674265,-6.883567920805215,-3.901925877654722,-4.145662773400818,-4.171148877054225,-4.266353356682084,-4.303135823728366,-4.131296859285034,-4.2939533709864515,-4.143948645897618,-4.097573868569959,-4.2236764992244,-4.032577848314963,-4.235015358610829,-4.05998907861087,-4.290170027742457,-3.8612294776818374,-4.310977871449251,-3.6981294880860376,-9.612954939674486,-3.5791030736834917,-3.854862374456381,-3.838127163107168,-3.9484574178441485,-3.983201832904007,-4.054826132696896,-4.041750526310177
134,-3.8549274479537963,-3.8823102099444755,-6.60479741557782,-3.917846376353163,-3.9383994158320417,-4.096599927084882,-4.055517377283587,-4.167091951500117,-3.916445043125168,-4.122600779803274,-3.952396255419174,-3.9833053952366817,-4.019017951733143,-4.005018696464179,-4.063026634557291,-4.0762910283836415,-4.112517123567479,-3.905534892515781,-4.155153556933332,-3.6890235864319445,-9.445536388328552,-3.521815922561652,-3.8607115680831257,-3.895776497929817,-3.9347538535857036,-4.003127311806847,-3.9899356826506303,-4.026069352958872
135,-3.8609056283008387,-3.9300369798014554,-6.4581125402053825,-4.029422184752136,-3.7691178520938697,-4.1558132189829715,-3.8598798932087717,-4.147133049213005,-3.740624653825072,-4.075503671293192,-3.8158238595810636,-3.971705947894344,-3.906059106616608,-3.9806718876175644,-3.9650518854535552,-4.063902369619454,-4.035264409523638,-3.8793648018399787,-4.074385109862912,-3.6776939998002707,-9.294785497198989,-3.5256397411997358,-3.8560683363284944,-3.917202746310138,-3.9336957545187774,-3.9837700779103886,-3.9753614454716004,-4.037323510626284
136,-3.815613855988978,-3.9325222199092873,-6.339652297086601,-4.037151111412416,-3.6580391718380665,-4.111745167825529,-3.717399318576072,-4.087692785393262,-3.6556524169574893,-4.090862908446885,-3.724957538227671,-3.9911061889070436,-3.8269237520356265,-3.9899797526164464,-3.8672681099084945,-4.057784578872048,-3.944372406357314,-3.901515321536897,-4.021407122161796,-3.7059388842361978,-9.162624461129923,-3.560387608679705,-3.838931538959766,-3.9255147462497018,-3.941033483171797,-3.967824463781122,-3.978077180135312,-4.018710679824633
137,-3.698119212956243,-3.916345495069031,-6.263267630234074,-4.00503802448816,-3.547403207082323,-4.082188103837198,-3.5846064648055633,-4.011922448519568,-3.504085468931941,-3.9772660067863375,-3.6001520676540353,-4.019993979888681,-3.6716400661229533,-4.031910134096565,-3.734596497015896,-4.094813066211873,-3.799465847237185,-3.917378333799139,-3.8786201983375537,-3.690995257459111,-8.881886552074167,-3.5434123681613925,-3.8154693792114793,-3.961570907687823,-3.9214679095986957,-3.9642136358023614,-3.9508163182206513,-4.016945337514529
138,-3.7052081730814437,-3.9765961557209817,-6.126281209735814,-4.059995915857139,-3.4623171942842,-4.100912003816423,-3.511889983377031,-4.051694089070473,-3.431731579411123,-3.9598586981679746,-3.543848698510651,-4.028216280949467,-3.6028080303735113,-3.9620228204581447,-3.667723245341868,-4.044274808375317,-3.77922675775089,-3.841734850130255,-3.8345286666481653,-3.6480303292689156,-8.632468813698093,-3.621963504085747,-3.8211866295261774,-3.9932873795456976,-3.934393065430717,-3.955083378868172,-3.9596819636678116,-4.02554143766632
139,-3.75824007740157,-3.9743781961530487,-6.04120141147967,-4.066040589706707,-3.42173829401742,-4.120239927909653,-3.4359831365238427,-4.0419594968164505,-3.36490382302989,-3.946285168549703,-3.473911041025533,-4.033831776821545,-3.5464240119669075,-3.9476324947847554,-3.625673118146465,-4.0230126562486115,-3.7275997634744615,-3.8260602734886495,-3.8012990220919836,-3.6388769507260252,-8.574468330702205,-3.5966897303867005,-3.806326000893949,-4.010501926199973,-3.937042783039776,-3.949163742048854,-3.9658471259184824,-4.044052622677244
140,-3.7763869412658653,-4.034377988228076,-5.982414784294862,-4.115099170124304,-3.3329371405857797,-4.1186606506424495,-3.371714583037661,-4.055136456722484,-3.3053730001403636,-4.043203591516985,-3.4022285006492337,-3.982321756869546,-3.52630115079654,-3.916355440254989,-3.590233301576963,-4.006727230091475,-3.6954956498403253,-3.8418010651238843,-3.7599678648066988,-3.6970916212146747,-8.472064696116577,-3.640285210832821,-3.7860310670495227,-4.004743193819376,-3.9151132488476277,-3.93638252886307,-3.9599282586385076,-4.040667375907802
141,-3.7707387171414495,-4.0217775082725495,-6.06445819552136,-4.081655919500302,-3.3656436359511073,-4.070665312670805,-3.4170016967866985,-4.013641583317209,-3.3415997298840123,-3.9171367957764756,-3.4585829951555755,-4.023916178830263,-3.5619790080381555,-3.947302359785837,-3.6026184525794367,-4.028317360400226,-3.677671565269079,-3.8515617969160045,-3.7220436228263027,-3.7180253408043815,-8.386306750587027,-3.636585026053705,-3.8185445380042666,-4.015560150409562,-3.908781895649935,-3.9584054265977877,-3.950419780072837,-4.046955353262245
142,-3.855158708661708,-4.043102118833023,-6.064281915397673,-4.108626327994503,-3.370623889393952,-4.110834611361808,-3.41509472716847,-4.052730897422806,-3.348786363886991,-3.9586860390216874,-3.4687363451157465,-3.956479720152161,-3.5958687377256386,-3.873883896306057,-3.631830843317436,-3.9783433996259334,-3.6986519204685515,-3.828515187085042,-3.739539161698476,-3.7275861372999666,-8.396764459523567,-3.6972341869874827,-3.7984862224994465,-4.031547095251032,-3.921876589986646,-3.9604867224629023,-3.9304637219596845,-4.080719433312557
143,-3.9586917603582137,-4.057478216878171,-6.277790673968975,-4.077331839185994,-3.458026760246863,-4.098870244100847,-3.468194637656432,-3.9751307782197984,-3.373510187416974,-3.874263115666359,-3.4813238508461195,-3.8163684833646196,-3.6378732578467656,-3.7223066191561625,-3.6897277126156895,-3.8258983923721734,-3.728357137174968,-3.7896289006724118,-3.755502611781138,-3.7560220334047725,-8.418609989849068,-3.7691277954474063,-3.821992949766469,-4.056989638549016,-3.9447610953040737,-3.960197583925607,-3.9729747531007558,-4.038346798487876
144,-4.115829951578394,-4.0534150837584795,-6.404940460360653,-4.090935383741233,-3.5147408057073073,-4.099346287427365,-3.5181766790853892,-3.975181662424178,-3.4264848430309254,-3.8287383352584348,-3.5244979325351187,-3.7498375388390484,-3.671700043862513,-3.7497929471101275,-3.7075248229773528,-3.8676613632410257,-3.7574594975408084,-3.832546134208206,-3.7760947263258227,-3.8784963968509145,-8.448283450232925,-3.9079135552489985,-3.8131893987792984,-4.037534042594185,-3.9211540558320124,-3.9645042074922574,-3.9707191584481722,-4.058200672165246
145,-4.052790467742193,-4.062141168168542,-6.593936121501556,-4.0785366739767275,-3.698929097499608,-4.028081330115261,-3.689670509386277,-3.8694009146223385,-3.539522935018888,-3.6309073974278308,-3.6203068627189685,-3.6197447333113146,-3.739615277021538,-3.6918552257854538,-3.7595377688025065,-3.840422650515648,-3.7806901982293026,-3.8384503530894536,-3.789065615667703,-3.9233162360452467,-8.44499735336136,-3.9756838706183375,-3.794948675699773,-4.038723428315314,-3.8925742061706385,-3.982209016439515,-3.9102620178744423,-4.086337271619833
146,-4.156178571782402,-4.0572355542827365,-6.708010698027241,-4.099377613597419,-3.7154670072625104,-4.084895194136721,-3.677026197611858,-3.9138887354583893,-3.5340246986371526,-3.6277167254848646,-3.6247724240979378,-3.5791793707727355,-3.747571554857775,-3.5645347795118805,-3.790920256787451,-3.756386347291243,-3.8047913268256655,-3.7844256272964074,-3.8016554011203723,-3.9454004421029962,-8.47731411333743,-3.9918866592530975,-3.804315771233065,-4.042692493912132,-3.9143274969454835,-3.973903538827325,-3.931405094436615,-4.0798427885877855
147,-4.160949097787026,-4.08249669139137,-6.710684364571833,-4.132559956455446,-3.680113096881454,-4.095859164116258,-3.651251112942777,-3.9158721949150226,-3.510712880235255,-3.6266023282012254,-3.6139121464571486,-3.540937749408088,-3.7442846429106833,-3.5704218633308065,-3.7905436231733693,-3.7664398762231897,-3.8085525418669,-3.8090911499671973,-3.805262957249858,-3.9704845250644616,-8.494817241008032,-4.005331321945879,-3.8178420131694537,-4.043482773845662,-3.891230988676806,-3.9669645722203932,-3.914199167913253,-4.064846619478338
148,-4.150096961449459,-4.098645672198976,-6.770144615514599,-4.149819936988133,-3.729530326777088,-4.085941076863588,-3.709892792715227,-3.901926507867653,-3.581299832031961,-3.5921625165777122,-3.6361788971631377,-3.491601036095852,-3.745205729625353,-3.538569014523517,-3.755551391114542,-3.7875208921105714,-3.7522023277504437,-3.9020406660458207,-3.736948450994491,-4.016412894406505,-8.401225731789282,-3.975397123180731,-3.793575878839759,-4.059191750699562,-3.914076222363205,-3.9844769804309377,-3.9145110117430812,-4.047271941732969
149,-4.170343745379611,-4.0788856687755715,-6.819388239461677,-4.111693391964882,-3.7549654568002033,-4.019002039679465,-3.7515535121737327,-3.84682096355257,-3.638371448421812,-3.536090854651869,-3.677898296762207,-3.500023189798649,-3.7655161036188507,-3.5658258662870574,-3.774477152082387,-3.8288115369853193,-3.777030105552965,-3.920308711887227,-3.7571472413164555,-4.056626371273896,-8.440694386122372,-4.033287378967536,-3.7845755857139585,-4.056844345294814,-3.913799085975126,-3.9769178170358304,-3.9163970016899676,-4.019488892854826
150,-4.140787898528305,-4.083974940342302,-6.785770553049295,-4.1285284655644094,-3.7377031034917487,-4.0631426980386385,-3.7247424649462095,-3.8914023566839226,-3.5852766221586614,-3.5556801999095256,-3.6543626071914272,-3.500111851698014,-3.7532298943536175,-3.5620076284613456,-3.7710311889328025,-3.782492412929768,-3.763754439329623,-3.887517996936553,-3.7434795087707395,-4.049183816898214,-8.397944705185477,-4.023125506912355,-3.796785326603474,-4.0644259131425295,-3.9003445613280885,-3.9709358380783586,-3.917123231129253,-4.030618504296445
151,-4.111547440295978,-4.138613491178422,-6.698394541078242,-4.172354913460762,-3.709679153151444,-4.063540766315828,-3.7302868609106126,-3.9327838505197064,-3.588019517226624,-3.652549638380824,-3.6423900770500204,-3.5390115333075394,-3.7620700199783124,-3.5739559261280385,-3.764519646955905,-3.8055787098693483,-3.7787808051387364,-3.872404935108761,-3.761211212692826,-4.02629277975935,-8.374162332575658,-4.043438861622805,-3.7816989283039635,-4.093453197945571,-3.927019896525305,-3.9779160078225764,-3.9277625897645905,-4.029512855221023
152,-4.121556112382326,-4.1420306963266915,-6.667453061269869,-4.193940837934656,-3.665895892300011,-4.126453352764321,-3.6789352685740186,-3.993842163737784,-3.525379278789079,-3.721381390415867,-3.6176259075347734,-3.5267823684586452,-3.749258511169901,-3.591639510246508,-3.761571590318546,-3.804944265382218,-3.7688374042199895,-3.8652983452859337,-3.764602213144773,-4.00217341613709,-8.416465266586588,-4.02876902894525,-3.7937708617342287,-4.110396987195612,-3.8923819986756802,-3.980277126733078,-3.9419172493453205,-4.0430297365776715
153,-4.056780898571468,-4.15560104514191,-6.608230051876852,-4.1988384494273845,-3.622054924548504,-4.150819425606392,-3.6320647921722697,-4.045111926954913,-3.488687316960675,-3.7298846536051133,-3.5622163127222444,-3.5073367063909435,-3.7196347805956207,-3.561450606566114,-3.7219741137204023,-3.785524964048354,-3.7424176203364885,-3.824329932774082,-3.740518777735843,-3.9164089007822183,-8.354015341949756,-3.9289959852880285,-3.816931311108966,-4.0728655404071255,-3.9230857092281815,-3.9954409561183817,-3.948406586399319,-4.048200413758151
154,-4.031468230472728,-4.098093917634156,-6.390959465305795,-4.141213707964762,-3.4654386936790016,-4.12850245795556,-3.5282741620143065,-4.127773829227175,-3.4154304308473056,-3.8759104048911595,-3.5155546721010826,-3.639616626559161,-3.657555183766963,-3.71775820039167,-3.681215167819415,-3.838395545820156,-3.7086621397051074,-3.83299913810735,-3.7230598998641984,-3.8284913637261155,-8.321091276568657,-3.808455829879145,-3.720861039948303,-4.1019216675435075,-3.9226224316946543,-4.016625101293238,-3.952126970903975,-4.076234162135954
155,-4.04050961367685,-4.0880255691092495,-6.342547456812542,-4.1162471642945935,-3.416901272059889,-4.099746615850911,-3.484044024263031,-4.123185713214799,-3.4059223574103408,-3.915886948939547,-3.4887491661511705,-3.7248145345854704,-3.6333353816174254,-3.7175293715247735,-3.631234168156207,-3.89916597469732,-3.6804803209854917,-3.8140423979930014,-3.6962575823463366,-3.7676778856327093,-8.2637668292741,-3.7501240245960257,-3.7119026754749984,-4.113536835708891,-3.8800171819693245,-4.00142078534695,-3.889384057242516,-4.062696389154334
156,-3.9783878888704733,-4.054985552310897,-6.265598896768964,-4.112729102614457,-3.3794858936484777,-4.129306222503894,-3.458201171252145,-4.116351862115158,-3.3384847349844233,-3.922250480281486,-3.455147297203105,-3.760200806748436,-3.614459859701092,-3.7092170901108608,-3.6422481227562113,-3.838591023310785,-3.6935459867814386,-3.752928875833566,-3.729772557480272,-3.658650246824453,-8.414236602224527,-3.612513825394621,-3.742409435257181,-4.069712352314675,-3.9121637258602204,-3.9817722631842956,-3.928254530707378,-4.048029263138191
157,-3.946139584674927,-4.057750577311372,-6.24862926780154,-4.107948899616418,-3.388397318684092,-4.110447843816405,-3.441828550006495,-4.137652194971427,-3.3046850231737004,-3.984101570544124,-3.4337342297160096,-3.754854203521973,-3.579743623580552,-3.67535074147194,-3.6309119198108806,-3.7940617497715086,-3.6936199642047263,-3.7002010304884236,-3.740768299894476,-3.607707545145925,-8.42563005724433,-3.5619725116364758,-3.737821912900968,-4.073845458682368,-3.936498407991765,-3.9819428083438395,-3.9579254489426745,-4.044989129942799
158,-3.9518890536446967,-4.0445975612689775,-6.289485615546604,-4.096169379889378,-3.4379779034968605,-4.098220169504812,-3.5360191904114258,-4.105678814870289,-3.379823867489701,-3.958879750437625,-3.473386178486385,-3.714731787111779,-3.6197995262620206,-3.6606765644318355,-3.6655919054128874,-3.7860693080653225,-3.735504907404015,-3.6766232422283935,-3.7904456607728543,-3.5580856394725755,-8.543771239593912,-3.5588759509923222,-3.7443833072054105,-4.072289775327816,-3.910976637045848,-4.003168514944132,-3.907032925313968,-4.074081119477819
159,-4.048549838320264,-4.074340336553197,-6.430730191655115,-4.114144527244871,-3.5542522762891187,-4.151899775565209,-3.6579008158153767,-4.174901140101161,-3.5573137704518802,-3.9248993540112953,-3.666946067029768,-3.707455697468806,-3.768044396024915,-3.8504355725153196,-3.833005078033611,-3.935457758192875,-3.9165762844454015,-3.7827171637823787,-3.9071478564306563,-3.82943979738835,-8.593937032174434,-4.097562959941046,-3.7894205441323434,-4.10112886390581,-3.893981918538193,-3.9583169294246634,-3.930126891683555,-3.994134093617616
160,-4.08887041588725,-4.019618162858103,-6.578052113929874,-4.069877331586712,-3.7209950323568317,-4.11312781235964,-3.8594330949552447,-4.084788629191605,-3.7149347441117078,-3.841987157043478,-3.815646208139993,-3.723287297032064,-3.876977482534504,-3.9094290785130017,-3.9125876044095347,-4.060534357926836,-3.9503049184312355,-3.9354474429636515,-3.9962221515742082,-3.905941350916307,-9.067178924000268,-3.8194122312926955,-3.8717827847933513,-4.0899034277696895,-3.9538031488874648,-3.944112237417722,-3.997206414025363,-4.027430522678178
161,-4.12227975809354,-4.019434114416155,-6.793129613198442,-4.034300228162415,-3.843962813692096,-4.055998375403034,-3.983867065232518,-4.037051390874518,-3.8510863729303897,-3.7493463422974775,-3.9622494737521947,-3.7182742660335397,-3.996835415440525,-3.9876183163888976,-4.021038394047023,-4.168905582253456,-4.066977457020962,-4.132215360044279,-4.041817352672854,-4.197489196219095,-8.896320477660714,-4.258647488776515,-3.837715901244768,-4.039628356523871,-3.9208101895993384,-3.9659907450278675,-3.9849036719647444,-4.074207674513706
162,-4.1728034852555735,-3.9741027096316612,-7.046476663699615,-3.9885682217609975,-4.068762854294296,-3.971962461098687,-4.213289957044941,-3.8982939220824906,-4.035049182075484,-3.5883858861562676,-4.081729446985737,-3.6315185975048623,-4.085698698010896,-4.015763943355407,-4.100959734396112,-4.268807362384793,-4.105042719150935,-4.36641108350166,-4.050772299390994,-4.544591074038973,-8.865267904446139,-4.666840517994438,-3.864884202024788,-3.9546191842944287,-3.924892842818647,-3.966785428145241,-3.973960906481448,-4.077958122958132
163,-4.266621402079238,-3.977856750781967,-7.145569969771184,-3.989361660913596,-4.098950961353807,-3.9420813486263704,-4.2175874680537335,-3.823495507662926,-4.043985586566976,-3.5145024224255272,-4.068350785458793,-3.5112236585938437,-4.055511110775149,-3.941680031289573,-4.045738682832424,-4.3152449576467875,-4.053621250860977,-4.397521921147009,-4.009716241706571,-4.553008284777095,-8.730901865264558,-4.716588601069204,-3.8321244368875553,-3.959001776845517,-3.9437649368584458,-3.97297736395879,-4.002901052287221,-4.056455819718096
164,-4.283181489716177,-3.93762985724411,-7.2890005210158115,-3.9071393739069693,-4.1217508096068505,-3.888728333714612,-4.242904722413645,-3.730941920962045,-4.07552351508742,-3.3962371498598234,-4.095272886660919,-3.5006681687796855,-4.091756779254467,-3.9327625023776456,-4.08853551351666,-4.264696723287583,-4.100557539568098,-4.345236578644752,-4.024069733897824,-4.559091675196768,-8.820475468965048,-4.6890644833489405,-3.8899144347349175,-3.933439898393336,-3.9243513413046136,-3.997390760232334,-4.018945595806469,-4.066399027918538
165,-4.295876063725123,-3.9674972852947445,-7.323133331478398,-3.88238342007648,-4.145861048390818,-3.7889586930618213,-4.256580794058643,-3.609900351407687,-4.098546065569461,-3.2765999403118995,-4.086268937846393,-3.3408292960149857,-4.0851124320841,-3.868235998530465,-4.029214312783244,-4.363508568319654,-4.032025212590277,-4.455787323492379,-3.9813784250735678,-4.643888986956624,-8.694465231051947,-4.833852718950431,-3.8398850492948284,-3.962957502863167,-3.936002883021376,-3.9894883567892365,-4.0159699372013495,-4.079067789653741
166,-4.275209004429724,-3.9414432940699484,-7.343518324340804,-3.872021188606754,-4.134879869205863,-3.780832336833946,-4.236584405202375,-3.5908064805950333,-4.069080222385915,-3.2221492198895314,-4.043367034348683,-3.262985238477813,-4.019273680996321,-3.8454262593993973,-3.9626980035052997,-4.3746012144386315,-3.945054012858165,-4.433680558196536,-3.9173387619960574,-4.563512546423296,-8.562142509777646,-4.835218665304031,-3.817364378379842,-3.9743008320368163,-3.939431009056859,-4.000676620858769,-4.0372191250354845,-4.083294326090311
167,-4.316123211845367,-3.968430422618251,-7.350984574997439,-3.9132311043357575,-4.1005374572066255,-3.812984331358816,-4.187148975863712,-3.608909987698279,-4.027796454215447,-3.213748007733586,-4.0466982747250375,-3.2572018663864464,-4.0570893162408215,-3.7943663505521648,-3.995245086383246,-4.263492993476865,-3.999123753583375,-4.408697086877925,-3.956510898963421,-4.597794724532217,-8.664300518058456,-4.873604640898633,-3.8438641663788213,-3.927749666554423,-3.9356433719926005,-3.9986902713534858,-4.005692395288446,-4.080265442231442
168,-4.339034046292644,-3.971090332903473,-7.217956583097978,-3.9224541938629685,-3.9917472254548043,-3.8342737799719364,-4.0528780893050795,-3.654867303376254,-3.8825376069110558,-3.214952581021196,-3.9238399816442153,-3.2242221834017357,-3.9508918078415984,-3.6513110876390247,-3.8995635827786943,-4.04084880814481,-3.9222641937487763,-4.209125096080315,-3.884820170333839,-4.335541223730495,-8.5481502608493,-4.602866489353413,-3.853802429849599,-3.941137556632747,-3.9338346419943697,-3.9840309116838104,-3.976232077100557,-4.053831510212044
169,-4.22517656970072,-3.9746798636629928,-7.076728771381631,-3.904812169815819,-3.939885590458577,-3.8335931934000773,-3.969119045514244,-3.6587703609055016,-3.782447044012484,-3.2172077233097984,-3.797786537282683,-3.200188631410334,-3.8339678409537195,-3.629734823489205,-3.7966185202051443,-3.9660183411936254,-3.8237041920219035,-4.008051454237761,-3.817380128408898,-3.967089927515519,-8.546991422984597,-3.883795602290305,-3.8244224659523023,-3.952241854968839,-3.9019329870546913,-4.025928769692175,-3.951310206159255,-4.0685295719036265
170,-4.207625520825627,-3.999256778219926,-6.9606338315939595,-3.9380322511185675,-3.880335916708315,-3.853086390695688,-3.941563859866825,-3.642087171963438,-3.746380827921694,-3.2088970582524903,-3.781968202860039,-3.190813362289363,-3.8134976361707356,-3.525226058317281,-3.781891677056032,-3.8759752360362696,-3.7716249809160263,-3.984933670581047,-3.721813425846243,-4.0691395677844,-8.384892709245069,-3.9437647769997577,-3.80352499098286,-3.9535271414483235,-3.920674494939277,-4.023166726341484,-3.955898950797748,-4.065462118890964
171,-4.222177828489781,-3.992153133578373,-6.961927229850187,-3.934467132859211,-3.8935354083186997,-3.819229398262487,-3.9649189843302945,-3.6132300224996605,-3.786213106322197,-3.202130889197348,-3.827812941098968,-3.210356043730551,-3.8586532944548937,-3.515460211922842,-3.843527064742691,-3.8127982828366664,-3.8433645871486135,-3.9181352849377595,-3.7906431754656214,-4.15323825160505,-8.484163481718104,-4.0859117674082945,-3.8311952627633814,-3.9740538695575895,-3.9143124907124878,-4.024779023017851,-3.925579033957192,-4.0664520605050045
172,-4.209152205687936,-4.0213160195040984,-6.900641692208824,-3.934697290781339,-3.8725579143767286,-3.818723690515029,-3.9521567346276956,-3.648773834525577,-3.780586974035243,-3.1937638177507233,-3.822305010809036,-3.166982206519052,-3.8625765636277554,-3.4856189209766018,-3.846283522703344,-3.792487329791159,-3.849604642462087,-3.9653118635703373,-3.811512378967785,-4.179561702186839,-8.530878675406402,-4.121273648423139,-3.8133562337671987,-3.969314353131412,-3.9039367980818573,-3.9946523638995632,-3.945031793651965,-4.0284714880685915
173,-4.212046424342699,-4.0525288377577615,-6.9263933226119985,-3.9607354199189047,-3.8843833898996976,-3.852481801545095,-3.949990511701864,-3.629721968794391,-3.794529344427644,-3.184568091913702,-3.8514843519570263,-3.1309280631633287,-3.897462187430349,-3.445377082917416,-3.9001221257399914,-3.7225419295077162,-3.8994582666520596,-3.8964056825791955,-3.858691107934202,-4.117497815336179,-8.581327276255315,-4.130157624288986,-3.837854001911378,-3.9794531543589304,-3.893464682422195,-3.9814200659325465,-3.924319327664381,-4.017019663487986
174,-4.207259873974063,-4.0603807897588275,-6.947119699460339,-3.939707185794781,-3.9465926119113433,-3.8196178609176576,-4.057660222758175,-3.6116963247689884,-3.8839830881485615,-3.184948835041579,-3.9200600150606006,-3.1079871600710685,-3.9328081898162677,-3.4388362023359287,-3.944156065008901,-3.7058365541003755,-3.9492483537809018,-3.822194426305547,-3.888347583811007,-4.142212848295781,-8.589786736331332,-4.179043906640946,-3.8165724253001962,-3.9766918614707434,-3.896501369273594,-3.970255807169083,-3.9424857721235287,-4.031436491766488
175,-4.2806798679797256,-4.063334943094552,-6.955157463486281,-3.9902603949860342,-3.9458575147842403,-3.857049839851608,-4.026844802000363,-3.6517353635214334,-3.8365040938310053,-3.1594060180485175,-3.899981724135921,-3.083238498989706,-3.931463304348443,-3.393517082190455,-3.9253387620195523,-3.7053377279679878,-3.9102428624646355,-3.8497095272704374,-3.847310851305157,-4.144689651337467,-8.582067535348274,-4.115299224003006,-3.8459432997693295,-4.017303669459995,-3.921785914025569,-4.001561950878171,-3.948150880948846,-4.059491935293301
176,-4.28650982295965,-4.057629050633143,-6.997444880708091,-3.982699660653463,-3.94365902985781,-3.8463723434228654,-4.0435194914362285,-3.6257895418585875,-3.8356903668635733,-3.1346925976351865,-3.8828139008161977,-3.068567498223874,-3.937851922255632,-3.381896006566807,-3.9237422105666653,-3.685945550305072,-3.9164632302380396,-3.8455820287688987,-3.843492707567987,-4.1817047868648345,-8.562282787185671,-4.139190428308592,-3.831404612818496,-4.023104583753102,-3.9033429343931183,-3.9663529743478247,-3.9263003959069382,-4.010022977932581
177,-4.315186150740709,-4.047374699861173,-7.077982036699038,-4.004549288333682,-3.9684090754005523,-3.843973763101121,-4.025067327701939,-3.6366213888016885,-3.8372749027094373,-3.1375760031942526,-3.88526313672943,-3.0757996202856037,-3.939288422072894,-3.345750431788303,-3.9138740973187134,-3.6768304380346795,-3.8962840982601348,-3.8455948633932144,-3.819728990186919,-4.207676301207001,-8.504634969480644,-4.127117945609358,-3.838140758709561,-4.03035698847157,-3.9050306566827295,-3.9956913995354437,-3.9299785955022517,-4.040356412105339
178,-4.329741007735502,-3.9971802741424076,-7.16794128909936,-3.9024383750521725,-3.9677390834940462,-3.8198574364315374,-4.057224193892298,-3.615995186277272,-3.840297194536787,-3.1361294761840544,-3.863481157450629,-3.0726172394879034,-3.9120483123240906,-3.344999212834884,-3.8845066773088592,-3.7035456950873837,-3.8849727116027,-3.7985912604928926,-3.836564631049586,-3.999560531082749,-8.550900036064473,-3.9246277620944894,-3.846311861420982,-4.004755091281878,-3.9138338876644125,-3.9877843383463913,-3.911333190072423,-4.023655164988592
179,-4.311657148756986,-4.007745670688879,-7.16631057095227,-3.94101498597173,-4.002271188431477,-3.825099280870837,-4.013262765496319,-3.651361757349678,-3.849825439475582,-3.1624452833675325,-3.85846829722215,-3.131751819416855,-3.9151671547812055,-3.3858459747303216,-3.8892447594299067,-3.698107243179024,-3.912078576427976,-3.758021596422851,-3.864270400665734,-3.7593197449771587,-8.61362600861268,-3.743754283509192,-3.8339373379950876,-3.995244692392016,-3.9237817430139086,-3.978129189272007,-3.9218709804260365,-4.041766195028906
180,-4.301680525398662,-3.927813549579197,-7.331007007665864,-3.86562335745967,-4.0832745120325304,-3.7862869175491314,-4.114297483087554,-3.6098361485189385,-3.9089266522942228,-3.212589079089962,-3.8883313941236612,-3.157568420343439,-3.9301342371855585,-3.386295864581787,-3.9180239433719586,-3.6725770099570743,-3.9479274988199546,-3.750270358424164,-3.927346078365016,-3.7300764657343906,-8.70808960388615,-3.735585098357378,-3.7769231668225642,-4.00597872727385,-3.937770425699259,-3.9808109760770307,-3.947850394594611,-4.050683704795644
181,-4.288119543162753,-3.9078284678064037,-7.301223286940737,-3.87071385433653,-4.091282158233131,-3.8474591913024594,-4.0871081939522815,-3.682551042596746,-3.8595987467025648,-3.2510096232015195,-3.881157659741369,-3.2004582507928303,-3.943638455931085,-3.409915729107256,-3.954638044163954,-3.6501884460701706,-3.99395577431544,-3.673342537235685,-3.9840276797008762,-3.7090828479768425,-8.862044904240033,-3.660655187772798,-3.7749739242925817,-3.9881606547944237,-3.9232041626843768,-4.0086528316608305,-3.9599678475534277,-4.080789741665826
182,-4.337772856006819,-3.8614744414240807,-7.4332271268824,-3.8031117203589946,-4.173158187723005,-3.8128456148761334,-4.170586445660214,-3.6595332824664735,-3.955370462305109,-3.3364975882498364,-3.939038191160761,-3.3369648726553667,-3.97855967091979,-3.441559492415232,-3.9892442658382237,-3.655186372150366,-4.030489286168886,-3.627863337668866,-4.03128996164524,-3.603557457802589,-9.14564638785402,-3.508885275429581,-3.804595197847245,-3.9717803726320238,-3.929096503746575,-3.9749981091265036,-3.949804529395051,-4.011961077910719
183,-4.3483558558669895,-3.883664978412063,-7.410230952937113,-3.8412466517032944,-4.139354373457797,-3.8531598454523017,-4.115962272817626,-3.6867993614053782,-3.9035181147184965,-3.3588426825012663,-3.888245694774242,-3.355188526659279,-3.9250704023170004,-3.414671615062246,-3.921956248350183,-3.6310930699560267,-3.9657635152336677,-3.551974829353955,-4.000116175056657,-3.41360601409773,-9.101642660691153,-3.277633336929779,-3.826890392302311,-3.9680546642227665,-3.9576348468060485,-3.9642301170572765,-3.9808879930946954,-3.9799229674926804
184,-4.405465596638278,-3.9076854492718964,-7.320899603225202,-3.8779666243239057,-4.062453566552813,-3.829673252061537,-4.055154632787337,-3.6708381134569996,-3.8441649727174285,-3.450716073476849,-3.8782486633698783,-3.436227319521113,-3.9155273507665846,-3.540757291707517,-3.94066259288891,-3.707235137869059,-3.9786373766619794,-3.6599274378656648,-4.021552061001093,-3.495500334930426,-9.17245176677497,-3.373925412146055,-3.8455911577298427,-3.946670597754955,-3.9432607912861237,-3.963068546873991,-4.008025220775054,-4.012593049566111
185,-4.361122539513993,-3.885058041459928,-7.2498998623412625,-3.8916456457685875,-3.9700799121073262,-3.8278645699390625,-3.9213242404504363,-3.711133622259708,-3.7428332186849897,-3.544332125006534,-3.7569145681602736,-3.589687622689691,-3.848663375789955,-3.627905810862851,-3.9019574722809764,-3.755357830159525,-3.958011098887674,-3.691331138302218,-4.010449745910935,-3.524650040537717,-9.127475674928352,-3.391307397670972,-3.7744136050274215,-3.9442914657835315,-3.9517479335302506,-3.9732374811559104,-3.98252444307786,-3.9945434891146565
186,-4.3051884043570965,-3.984716560545016,-7.011844477555225,-3.9769443148800927,-3.838210767452358,-3.9091555364924004,-3.7928107735973073,-3.7426961721738046,-3.659085864077455,-3.5982881762383943,-3.70838887473715,-3.6812412081004005,-3.8097767094818846,-3.6917956720209433,-3.841455423585735,-3.7951996968860184,-3.9061806666972054,-3.6988965659443327,-3.965636930350692,-3.5517527193582987,-9.054845215992527,-3.4344862631805695,-3.7614893178013284,-3.925624707645563,-3.9375003135053483,-3.9630531404835274,-3.9611422105296463,-3.9991239778896874
187,-4.213946404048488,-3.969002105995257,-6.802743230088021,-4.006595550669685,-3.565360114721418,-3.9431066075177257,-3.539152294213937,-3.8381942126341744,-3.4402130521592187,-3.8031558111360524,-3.549643151518169,-3.8913117706451072,-3.6432168789839303,-3.8615666242288107,-3.68758574568017,-3.9125236032236717,-3.7901888397201446,-3.7398711040723347,-3.8831508159376993,-3.5188230805232297,-8.808052749589965,-3.4450585165323258,-3.8005794298432396,-3.9365285517649373,-3.9478424815729047,-3.9677334585909447,-3.9942683973393507,-4.028299533924594
188,-4.09316931572377,-3.8594628036764203,-6.745990682486064,-3.9363177143707326,-3.4537919615798534,-3.869076643655691,-3.449125992146113,-3.7664201640803037,-3.390563260900064,-3.828163509619954,-3.486189955536323,-4.0095278787107675,-3.542477344884658,-3.935788739867719,-3.617372488362926,-3.9949409038821453,-3.7406367928484907,-3.778707802163745,-3.8273942654291178,-3.555757063694166,-8.687402348062266,-3.4771560480944164,-3.817186108304898,-3.9491593305930737,-3.953060499994988,-3.986569741516862,-4.018746028735352,-4.064770686456806
189,-4.010948668164267,-3.9033171317930515,-6.552275082932507,-3.9878698275802895,-3.3856611238220955,-3.8052758196887564,-3.3301384426724154,-3.7069460912925503,-3.3815972429271635,-3.9060481160453997,-3.4366108589512385,-4.182200924776995,-3.3940294735417162,-4.0615514020728725,-3.5313440574034325,-4.065944127332584,-3.693092875063806,-3.8110245111027594,-3.778826112962067,-3.603992478597607,-8.491588607171083,-3.568568741641419,-3.806933819751448,-3.920610828523484,-3.9487709523292787,-4.003251279506852,-4.025512488193796,-4.094535225611106
190,-4.008508958743321,-3.9355490547953353,-6.342198960660236,-3.994706076955556,-3.2424210564570526,-3.8036363660247896,-3.2180863788460607,-3.7458513343500877,-3.3024717373239927,-4.019940037965852,-3.341223069347153,-4.332456681673031,-3.3205939815070424,-4.214887780908175,-3.4266761695345984,-4.219371822067148,-3.5979856502504304,-3.8996327155065833,-3.70601736591328,-3.6542763004298733,-8.321647879296089,-3.6063222625163003,-3.763282867223094,-3.9524239221980504,-3.946077173865893,-4.030883536522724,-4.018231697340682,-4.102025676687474
191,-4.019643706591658,-3.9673327749039586,-6.16794021625733,-4.010392690478069,-3.1197515754052496,-3.822533732236942,-3.1326226197904448,-3.8192485548732042,-3.240771834216428,-4.115406367502937,-3.3292295741288496,-4.426877607443943,-3.3409877311494887,-4.287120347685962,-3.42309393065411,-4.296368129731895,-3.585384729718521,-3.972281939661805,-3.6840221865654383,-3.733711760068393,-8.311248196757244,-3.6336728772580122,-3.7521354165992413,-3.990565384336689,-3.915300028556183,-4.025850304587258,-3.966620732255953,-4.083528955109222
192,-3.9726726537692767,-3.929444195329194,-6.175721434281939,-4.013673605635203,-3.1361326407730785,-3.7761312324106444,-3.1694355387979827,-3.793928028366195,-3.303828807298159,-4.096708391634325,-3.411583338645502,-4.495238838801898,-3.379279233734235,-4.343301556619338,-3.4421187728299727,-4.35288014227013,-3.5868788946912815,-4.042783989508205,-3.693426443685401,-3.792629750979446,-8.294839683559719,-3.672022749687916,-3.7590293080500428,-3.9609251999501622,-3.9311817315697795,-4.044293187124142,-3.9410125452895874,-4.0905180071862715
193,-3.889255641760182,-3.933776172032877,-6.002988757578053,-4.024022325809906,-3.020868878564176,-3.8026320134872384,-3.0918376354155717,-3.8373759673073664,-3.2730260656422763,-4.146596503131503,-3.3389816451610534,-4.457178174920381,-3.364816359799807,-4.275156190592851,-3.434924914521508,-4.305919091335461,-3.59987207454425,-3.970626564821082,-3.6903804545097403,-3.7388768039239637,-8.28062941311769,-3.617646188951783,-3.7055043044627753,-4.001743591151965,-3.953532398130448,-4.006287771580676,-3.969905963195781,-4.042272816934468
194,-3.8392785639250393,-3.9776469121124847,-5.861347932200154,-4.037345394516722,-2.994394728406899,-3.8595792261437842,-3.109519919266799,-3.934796337878168,-3.25661461758973,-4.188264125575343,-3.337359610264319,-4.43899013102359,-3.3687603904979,-4.272824207585794,-3.441971557533515,-4.302410473026777,-3.616766668587424,-3.9785770311926694,-3.7207647507148587,-3.766301055857614,-8.393154992241532,-3.6601653275668866,-3.716023704921282,-4.014614842934327,-3.93852584585386,-3.980496757369213,-3.9834609480652503,-4.044407378539743
195,-3.8673641753781727,-3.95882160905668,-5.865134144770331,-3.943278360841562,-3.0316633241391466,-3.801384695216273,-3.1686018305929884,-3.8348881053683885,-3.302427102511433,-4.089228236440747,-3.3987711020031335,-4.402014485303974,-3.399361230950176,-4.395733791344422,-3.4768353278368322,-4.395709042230629,-3.621796238482755,-4.06951997043793,-3.7269172623461193,-3.8198398048566657,-8.348639731397988,-3.751104264477844,-3.744363662312283,-4.0057032829904475,-3.9269988239428013,-3.9899788532670013,-3.9928876528066586,-4.083631806186006
196,-3.709430228808721,-3.9455329989392207,-5.789184844102245,-3.974917154719813,-3.0418126361645657,-3.8457092729852764,-3.1922923820815927,-3.8573717521050357,-3.3087957177380796,-4.086064654408439,-3.3773205180626436,-4.338361055454926,-3.368878039140884,-4.2925497737710945,-3.4981052814234417,-4.337761657496448,-3.6509320080074987,-4.044331728522281,-3.746356118440083,-3.861693442614917,-8.374608516138538,-3.90165705862122,-3.748673810505835,-4.015614590313742,-3.926486696331652,-3.9629066006300535,-4.003649023179784,-4.074043755610082
197,-3.7317667354821777,-3.938380509169762,-5.864470681250051,-3.9705199270496867,-3.115183260449092,-3.8175608452141687,-3.216162073140394,-3.8152584136384733,-3.3370160779788582,-4.033427102526818,-3.395246026617576,-4.298782964967883,-3.369935229187632,-4.301212580875034,-3.5085997629391286,-4.357776744292183,-3.6624092472752054,-4.086365414852339,-3.7533299501606954,-3.8588266114112,-8.46943773405381,-3.784912410735656,-3.747348513238158,-4.018372638439427,-3.922997268237976,-3.962317574910955,-3.9871573196215118,-4.068049466291297
198,-3.775853766972349,-3.9300260384928043,-5.875231388973318,-3.997525278548259,-3.145162438937051,-3.9012938999066296,-3.295424240916895,-3.875748804494914,-3.3181479985119764,-3.9494550591913433,-3.43853449670859,-4.23575016841439,-3.45868119266304,-4.3358094341145,-3.5578918825314356,-4.373503796947379,-3.669712429752368,-4.148038993345552,-3.7495666558274157,-4.004038540192888,-8.37885120352749,-4.068239398155802,-3.740517368162419,-4.011480402358549,-3.896220720788433,-3.9933589436769665,-3.966899801656215,-4.088988900943155
199,-3.7665891352423224,-3.90805081082863,-5.918087779505014,-3.977818355896108,-3.1906979180210038,-3.9411818103761425,-3.357051930416621,-3.923725096121172,-3.323607179432722,-3.916911541313882,-3.470267163537562,-4.198200763927982,-3.501389297805927,-4.338098693768756,-3.590802158985783,-4.3887501059174845,-3.6814870701935316,-4.171720041992122,-3.752097117445261,-4.03512789753025,-8.40911844860235,-4.068770556226368,-3.750876677402309,-3.9763908196165016,-3.9298327670079916,-3.9671075291923645,-3.965618678409431,-4.06024684612641
200,-3.821010060570283,-3.95253739028087,-5.905289436115712,-4.016597636241022,-3.229670790868787,-3.988119964889134,-3.3095405441156327,-3.8961069258083367,-3.3386692827671216,-3.909518964461609,-3.471498953757327,-4.1547022913415566,-3.501529026166221,-4.279695546827962,-3.5927622165740867,-4.374042217404024,-3.694707849941532,-4.188078937466563,-3.7860005855072734,-4.012866481224785,-8.620650019549535,-3.90257600104355,-3.728450712464635,-3.9909064449284393,-3.9232491813833614,-3.9636833693399116,-3.9883310335991244,-4.060377418782483
201,-3.9144856387082196,-3.9169695404231515,-6.091617018842744,-3.962110776570972,-3.2943270813764145,-3.9615499668303458,-3.3927253956770684,-3.7499227537099356,-3.394458506657665,-3.7575145070028326,-3.5414910468807044,-4.056279952309138,-3.55356597664681,-4.271402685119867,-3.630081763064822,-4.400354984121157,-3.7276379453703514,-4.253234491197436,-3.764928467630093,-4.195722062253545,-8.327631358615973,-4.44297544283298,-3.737850940429619,-3.966775867268281,-3.936060353700931,-3.9816228570256196,-3.9779266124588926,-4.06318975291328
202,-3.9850725979944417,-3.9485129425024796,-6.165408793040209,-4.008231815087727,-3.294905925974085,-3.981848623784059,-3.3954555667806314,-3.7570905964329553,-3.400246869321037,-3.7999209789277666,-3.533986652776832,-4.003885130205688,-3.5637200102254902,-4.236258196176316,-3.6395823069101523,-4.380387597574332,-3.728046014382677,-4.251825891178783,-3.7518453217362073,-4.20030468613609,-8.26657688433931,-4.504069529818044,-3.7615494253101494,-3.9517699222895546,-3.9397972249982485,-3.985000797706682,-3.9898792197719732,-4.078621432050982
203,-4.072151541370549,-3.9471511403364743,-6.3267010421202645,-4.016740669605582,-3.400609874336792,-3.97120757221533,-3.383535167990763,-3.7137109584372596,-3.4286796741023635,-3.759615273910152,-3.5513236679451943,-3.9663310019295595,-3.5845896272081808,-4.198070962992745,-3.6454840462471543,-4.359038774407124,-3.728628884887123,-4.239468773226791,-3.748646436294781,-4.255993972580565,-8.255023434203524,-4.589528058274745,-3.792129486932358,-3.965536007463806,-3.917818840728477,-3.9802782015975287,-3.9742435453740392,-4.076547938272547
204,-4.058241300837178,-3.9564199918078224,-6.532635851515562,-4.012649076747027,-3.5331862984336992,-3.9233320220006247,-3.5266608552105656,-3.6857700661570485,-3.5196321174911462,-3.5921339422883873,-3.654810229973587,-3.871738202886518,-3.6567326319101414,-4.191997126336196,-3.695252505779595,-4.354770693311879,-3.763255390018497,-4.252237765940916,-3.78592982125044,-4.305356135507649,-8.339323396070531,-4.61297485599904,-3.8568602894081394,-3.937882699315272,-3.9356369863615392,-3.9820467119074276,-4.003907649123979,-4.103210071118559
205,-4.073336615927312,-3.969282672409946,-6.572802827134269,-4.02698269714027,-3.536169005335502,-3.933787459049756,-3.5476002221562872,-3.6821077694606044,-3.519924389677233,-3.558986653388455,-3.66137156342548,-3.7998152340794813,-3.6577848787365954,-4.170531878171305,-3.702651715361464,-4.356584549835776,-3.776896170621288,-4.2644493275853295,-3.803493566635224,-4.2976143663211825,-8.402426258522233,-4.609051558856787,-3.8529257398428833,-3.9567571222532925,-3.9371548508649092,-4.003033798599618,-3.985761972620201,-4.113959213928483
206,-4.078640316225453,-3.964393470487117,-6.633070308960438,-4.01552092579965,-3.595331894888854,-3.9151274082051257,-3.5791450719264715,-3.6539455821170503,-3.54633017311511,-3.5390837331375673,-3.6771420827604646,-3.7744775527568453,-3.6875971107780643,-4.158062485065146,-3.72278645460256,-4.357145729234713,-3.778973206098496,-4.306968979463343,-3.7945639131655096,-4.385107923719198,-8.4145780002537,-4.656022035864737,-3.860007284004153,-3.9454155957254766,-3.9075267998647543,-4.0134624917905075,-3.989112103420555,-4.117466194589587
207,-4.1149704629631625,-3.949925543601507,-6.790437658226031,-3.9557968086343807,-3.7072036751046564,-3.8962938911275686,-3.6766369236484677,-3.6238620891772437,-3.6254466659195907,-3.4004487032304596,-3.7041579750960762,-3.5898573157511815,-3.7146520145398747,-4.00091563628646,-3.7189969890945718,-4.264569522623825,-3.75262143371705,-4.248146729440274,-3.7682015276539844,-4.315229948235183,-8.341174607166016,-4.607152116817641,-3.8736015500480865,-3.961464191054461,-3.923054738917532,-4.054785297317636,-3.977359712177197,-4.120323124304458
208,-4.114724270461512,-3.9170078350034294,-6.859867134377057,-3.9215731642460785,-3.7949385825826107,-3.854458864571193,-3.7143476418509236,-3.58904329168756,-3.6263067444231423,-3.3876778513759285,-3.6636262287127783,-3.5146251505608768,-3.6774776797414375,-3.93584829363223,-3.6755006513328983,-4.221252084819919,-3.7042715199738105,-4.179911449265637,-3.705572318418497,-4.235363608227994,-8.205213123729287,-4.586754607967894,-3.883054262130529,-3.9333901453683238,-3.928006795805894,-4.040625033041333,-3.9701434966853064,-4.10224704755977
209,-4.1041485544031655,-3.91346285100056,-6.885936272207626,-3.9744833955588796,-3.776491906124934,-3.9108842659374834,-3.702949952364123,-3.6417863062986147,-3.641043957823815,-3.389294339743406,-3.7105004625698377,-3.436763287970144,-3.7606434066016377,-3.811796183847937,-3.7473364025013427,-4.2130735186130845,-3.7555918658988725,-4.206073372453239,-3.7787667164573358,-4.183728903292415,-8.444070057724364,-4.244488814574695,-3.8817922976526344,-3.947593912951018,-3.909301686018359,-3.9942840436810507,-3.9784062224281795,-4.086989733138178
210,-4.056950611153967,-3.898829241441094,-6.895120111043487,-3.900212272720337,-3.8258922678497775,-3.8401490304278845,-3.801719683864725,-3.5831250147620297,-3.6576506831813096,-3.349949769912147,-3.7248780916204844,-3.4438424319186245,-3.7620927587916633,-3.738062473810367,-3.748849813256018,-4.1312641623034585,-3.7670813353051074,-4.2239695058854965,-3.7767335939939404,-4.273709752812199,-8.47232891340318,-4.291341112158631,-3.873999432435749,-3.9375647125901945,-3.8845263953435563,-3.9888122670496124,-3.9411060010887446,-4.075917975427249
211,-4.100489536556883,-3.917721364631873,-6.940383461880766,-3.9104375276129266,-3.8261665975747468,-3.833166873293421,-3.8117688358832083,-3.55511752905998,-3.672320515182253,-3.3150846838007704,-3.7418804011752345,-3.3968886888360434,-3.7843346137278,-3.676662866261754,-3.7726983787232684,-4.041276551553333,-3.7827913956875037,-4.157523489018878,-3.768976808347322,-4.271861742518642,-8.354074495073625,-4.424796330599716,-3.8598521773106564,-3.932448803713923,-3.916103021662195,-3.9824118075325874,-3.9253658379153635,-4.070084390915938
212,-4.069107640588301,-3.9027165321003254,-6.989816574260514,-3.873680282454319,-3.8922987050601785,-3.80879175986592,-3.8893901167168625,-3.545397280004506,-3.704609081079301,-3.2754729258095976,-3.7585248331892767,-3.280053744210901,-3.799275332290588,-3.4969160111748416,-3.7706248622122165,-3.8826367472679797,-3.756106128309142,-3.979480122030886,-3.7449036039152843,-4.03571749424228,-8.455194225189805,-4.0039869335970995,-3.837107495972549,-3.944087766804313,-3.9037876935965663,-4.027614873727504,-3.916698786041413,-4.091715659763973
213,-4.086615350842542,-3.8970997331522157,-6.996086964942617,-3.8694945764373223,-3.9182786474065616,-3.8120692546023816,-3.932578250545891,-3.572250138223278,-3.753014247757468,-3.2307589872480773,-3.787293700200134,-3.263503038504843,-3.804802182126629,-3.4613245453356978,-3.804505634410733,-3.818742419736735,-3.8001361184876936,-3.956731917215264,-3.766692742756282,-4.087846290055448,-8.50905455287811,-4.042725629318758,-3.841762162814225,-3.9489300340430162,-3.9316277678994402,-4.037138172762576,-3.924539013692262,-4.079318890915419
214,-4.091377500475067,-3.899801454866925,-7.039339604743701,-3.8416510587405552,-3.9434758474416762,-3.7670457265723662,-3.9950782604453603,-3.5574807417734626,-3.8179570416698403,-3.200688444228482,-3.845318044690869,-3.2518527195809024,-3.8956799917405687,-3.467437868727411,-3.8778069748044293,-3.81071942492994,-3.876031585451067,-3.9504986652379217,-3.824593819698856,-4.134165515644792,-8.578939180140356,-4.099038254728732,-3.848590082609002,-3.961873031129564,-3.9329585334127013,-4.043092921820624,-3.959169254769655,-4.084800531898361
215,-4.2046038356389435,-3.8770658062515175,-7.07481407459148,-3.874755595175515,-3.978176338154196,-3.7982829268590965,-3.969674062980265,-3.59364404337485,-3.792750818819502,-3.199108694232993,-3.8092349405016757,-3.196251897731151,-3.8742943025592473,-3.390370442524305,-3.841341964662987,-3.7500409671209356,-3.837864604364073,-3.8671978696846634,-3.798779359838634,-4.006114549964037,-8.51133730009628,-3.985844184263532,-3.8050880794195825,-3.971707545740339,-3.9343732699744254,-4.010642405759468,-3.947882844524874,-4.040847767054191
216,-4.171069576231372,-3.8951076334557175,-7.054924393315808,-3.8801167838595734,-3.958782972602477,-3.834008212774947,-3.98664451657455,-3.6262352055278213,-3.805424530501075,-3.198705314330457,-3.8271402195964446,-3.2014923973731273,-3.8874277797827688,-3.412497902657611,-3.8453017748346046,-3.7777279998327975,-3.845832390466572,-3.9057452053369546,-3.8035467108762986,-4.0760913436235695,-8.539651928720456,-4.02202500972654,-3.819181677597776,-3.9944453992293187,-3.935733090109018,-4.026833447271692,-3.9337557673848678,-4.035422774515884
217,-4.195197169773348,-3.9175521651088085,-7.06443488379297,-3.8856172786543937,-4.003632775340415,-3.837539126421728,-4.0232378451412005,-3.6261764667147114,-3.809351535644536,-3.21841860520674,-3.8292301067355026,-3.1883024863688205,-3.8944656072884904,-3.4171414779806155,-3.859863274264341,-3.765345888161596,-3.861129609099656,-3.905891053340543,-3.810884310664165,-4.078551860988284,-8.561687875768499,-4.016090324761076,-3.8220562825562507,-4.002470778481311,-3.921693003093621,-4.0405175465962415,-3.953966557450585,-4.073930458720812
218,-4.15181229677901,-3.9419962209178387,-6.993457495431918,-3.8920598368470727,-3.9931665192638173,-3.8401583535316086,-4.023305613483006,-3.620552225359457,-3.815460925613625,-3.2485451835209846,-3.800670522685244,-3.1931029468299332,-3.864126427963745,-3.447480884381104,-3.8318073518849314,-3.786894865314424,-3.839741781479982,-3.8923333146230132,-3.797373168903651,-4.021460350153777,-8.506658569679969,-3.9229987041880867,-3.819106323306229,-3.99898878778878,-3.926840460292471,-4.01413714837753,-3.9670237603898197,-4.069646470315571
219,-4.163994819519729,-3.9350766247182336,-6.9466594406935895,-3.9447017058863,-3.9251721065364924,-3.920402589803196,-3.9203620875976033,-3.7022749896314195,-3.7347315710245406,-3.2711544971749964,-3.764950077545525,-3.228487765519138,-3.839764261069759,-3.492673129115229,-3.8048447609429137,-3.8285830122634192,-3.7998357343536204,-3.919157096050897,-3.7934092337457757,-3.960062519888384,-8.50702644577411,-3.925119959915381,-3.854955321189534,-3.984791149201921,-3.926511919574345,-4.005258768013003,-3.9579423229064106,-4.070951795114279
220,-4.142011577234736,-3.948983028013442,-6.932619516260207,-3.95507558502415,-3.961850020358234,-3.884193915085165,-3.960477531262164,-3.6811925367912197,-3.7740265149507684,-3.2891900690638223,-3.796210846240141,-3.250641612570314,-3.8560261376429628,-3.5086921207832757,-3.8114953916818575,-3.8401557785348204,-3.7958493057858482,-3.9250922347089054,-3.7860125216469798,-3.9293052247441738,-8.451531801777831,-3.877660401906513,-3.86894365792545,-3.9868786130774394,-3.9473124741947827,-4.014805355777846,-3.9836251447123816,-4.053675626548793
221,-4.060292055240724,-3.9428523783197664,-6.869050973212918,-3.9043700243338364,-3.910179262031483,-3.863565559281571,-3.9733230467180656,-3.6828426876339297,-3.780770234275271,-3.289986809312898,-3.8191587780410843,-3.2898185442995747,-3.876326295647854,-3.5601213277028263,-3.839626640784083,-3.8706231434020797,-3.8225840903104404,-3.9407399753178516,-3.802300521052146,-3.9805523857735285,-8.529311399305477,-3.9337236817185683,-3.901102934389186,-3.98487911831861,-3.941783156258442,-4.025499540488111,-3.973974210952856,-4.038074002077188
222,-4.036467832044717,-3.943001649030646,-6.864890355884358,-3.9213471994844755,-3.9086176245356197,-3.867154106660465,-3.95521655406058,-3.690857462080858,-3.7612734048045455,-3.309769494891825,-3.7845171148406216,-3.2771787731134583,-3.836584781777045,-3.5624986233567943,-3.7994899998836233,-3.841355767149546,-3.7891275023328244,-3.895438418619401,-3.7819704331934063,-3.8793573295029837,-8.458402577955715,-3.810298389953766,-3.8606540994405445,-3.989652885015629,-3.927805329145897,-4.017503623837783,-3.9654538327636955,-4.06298204194962
223,-3.9959764493249597,-3.9100749529290337,-6.815169708778363,-3.9217795609252337,-3.8852463300054283,-3.9019863522468654,-3.939617752717864,-3.722613986680108,-3.726071129845317,-3.33144364998614,-3.740393719757411,-3.2966862078159638,-3.7663805080741555,-3.5588079082659583,-3.728945430009593,-3.829359933964614,-3.7214441259464337,-3.8589154532569103,-3.746333951323485,-3.755925699485063,-8.361926649744609,-3.7189880319959094,-3.8691081472544684,-3.9844389122060004,-3.936190301293037,-4.0130167813315305,-3.9504411970268105,-4.048865329899075
224,-4.005396954414021,-3.9090640541619015,-6.778350023462203,-3.927938381922415,-3.854288797611589,-3.931562909997528,-3.9125978844371043,-3.7470882644726644,-3.7102583891343146,-3.3452275902803428,-3.738975818504143,-3.3103117975798555,-3.7768449758872618,-3.5778906821886616,-3.738985450716255,-3.8512849013147292,-3.733994336147864,-3.8775320758268923,-3.7552400167075883,-3.8250056767975056,-8.370308365714973,-3.794707017503903,-3.8666059156433277,-3.9864676098273386,-3.9397138925128923,-4.006291712750329,-3.95455065619532,-4.039802784043591
225,-4.000434864421425,-3.9023832129474982,-6.779244124377742,-3.9301146322346803,-3.8414805291904277,-3.944273408074712,-3.88010716722956,-3.778599930182381,-3.6864238284084023,-3.344683936593852,-3.7191829468719497,-3.3058539935576836,-3.760447984626039,-3.5700865497436713,-3.7326686330062246,-3.8393136976700823,-3.733055300145817,-3.856705272610538,-3.7534200395961004,-3.8048989383638108,-8.359307011401944,-3.806002632824622,-3.8638755687060247,-3.9912911295493694,-3.930492083415114,-4.0148902700694675,-3.9392547325672393,-4.043020496051241
226,-4.019429927008124,-3.9226824665829794,-6.778040644224952,-3.9424299446954185,-3.8237976553434816,-3.924529617051729,-3.8804394422387967,-3.7665058817668764,-3.681242327523484,-3.330141478801228,-3.6993367430265987,-3.280365877700879,-3.7139164633602166,-3.562988323605188,-3.700377848521262,-3.8328850758889326,-3.7150253912920372,-3.814759678474647,-3.7184767064105815,-3.808509114111299,-8.25155987796036,-3.841242698125482,-3.8488489847079754,-3.990605763603365,-3.9410417844921763,-4.012021098561836,-3.9400682523189334,-4.046385654719749
227,-4.003641922364529,-3.924343982453813,-6.756520244802188,-3.92804414274898,-3.841029231638563,-3.904644849399706,-3.892163890707013,-3.7372279984789647,-3.6992503284868143,-3.3196268825192994,-3.7075969833238465,-3.273020748054303,-3.7139197588404125,-3.5634310928978534,-3.7012658286852504,-3.846572553195326,-3.714638203004028,-3.8438292274617782,-3.7209497608803144,-3.8478177698073255,-8.257013232617782,-3.855698509164823,-3.83838646647733,-3.9789675215713083,-3.9459880943125833,-4.032362908295329,-3.942536069515436,-4.059531307971132
228,-3.9799987016438494,-3.9122542271556657,-6.780717358840848,-3.8985494516189725,-3.8447644957039007,-3.8622453512905808,-3.9090303277766667,-3.7061374080981095,-3.7161926733002852,-3.317759163062571,-3.7351531861500025,-3.286095471263124,-3.7756915578188015,-3.5848746557245788,-3.7443273968558968,-3.862262193890592,-3.7518044008042137,-3.8857695710695404,-3.73264064133554,-3.9105780763698053,-8.261292538607222,-3.891747648983931,-3.877741344765416,-3.985436135881247,-3.9422895368016366,-4.017147485416381,-3.952279161076908,-4.047432646540443
229,-4.023517596591749,-3.9331966734354062,-6.745388688403727,-3.8819939220544177,-3.8174596621183703,-3.870898039101426,-3.87258041593337,-3.7148399730659847,-3.675711044213219,-3.304597548524166,-3.696394276093747,-3.245533379040504,-3.7241390429269656,-3.56665023279906,-3.6987384764832063,-3.840126160733209,-3.7217331748301636,-3.862209867961955,-3.7109992832718643,-3.9145733117677066,-8.238813224811722,-3.9076899234158646,-3.8790704537287746,-3.9709702635943223,-3.9407748651137964,-4.017149276857133,-3.9526980896766037,-4.049819112931433
230,-4.056234613434669,-3.916022726463831,-6.7543200453333245,-3.9087816951124363,-3.794337247090552,-3.9137040810365806,-3.8585032502653647,-3.727957511149454,-3.6639364664961867,-3.2915750944857174,-3.696003663608411,-3.2275615393655257,-3.725899488447455,-3.568989012703153,-3.704379229041986,-3.83107496056103,-3.7223133606700562,-3.874338296244323,-3.7173984751237326,-3.943499434352178,-8.278282442507896,-3.9718717400551564,-3.8932209341348285,-3.9677655198310267,-3.9401030967261046,-4.043154547382477,-3.9748279686180763,-4.064996878473327
231,-4.072428690029952,-3.942265455262854,-6.756578666168829,-3.927883870835595,-3.7871525900648604,-3.88946514142711,-3.8663601752268595,-3.701758975988345,-3.6871130929177354,-3.2825938613659584,-3.716448291666231,-3.2387739993192413,-3.7480200697123944,-3.568215461088044,-3.7225998568701053,-3.8409963005678938,-3.7249923575996555,-3.888591146546953,-3.712956241796178,-3.9769502148503144,-8.273227948914261,-4.000879464083037,-3.886935741163606,-3.964583849934403,-3.936822478768147,-4.060837859040716,-3.9812384523415365,-4.077609393525914
232,-4.076868531431765,-3.9485094256532705,-6.772133990051673,-3.9033417681918605,-3.8149738264228525,-3.8789842777314587,-3.8550368207816503,-3.6923453981780603,-3.669938561242777,-3.2649509076343386,-3.6948086542253065,-3.2050697596651307,-3.7106028580235426,-3.5405689205610753,-3.707378857916957,-3.8100999452267805,-3.7218507034784496,-3.843704964962722,-3.705389865997264,-3.9169369431558665,-8.266255767381177,-3.945034621404159,-3.8611029999088666,-3.9871259360858344,-3.9404942166286343,-4.051852350519249,-3.9811495395326153,-4.074933256719451
233,-4.103174345909206,-3.9540535430510566,-6.777401057263211,-3.918080727435815,-3.8093164786858003,-3.889488307927273,-3.8444011311381674,-3.7063033793956173,-3.664008568885706,-3.2575022954874173,-3.6909337930831074,-3.2175176723149166,-3.695931709740754,-3.56548149017054,-3.690133414218244,-3.8307307705296822,-3.708835449716921,-3.8568096997811065,-3.687398977327258,-3.980337635660252,-8.210823093324185,-3.961901552428375,-3.8658843323301073,-3.98756542114011,-3.932452472151061,-4.0543539183846695,-3.965687147762286,-4.085380274491325
234,-4.108794163206508,-3.9741538993257066,-6.777549904745173,-3.91657584871421,-3.823612401397602,-3.8650900279996088,-3.8693485489660584,-3.6809432383402316,-3.6919546825377774,-3.247067484558797,-3.7251090752747134,-3.2196579124266376,-3.7276882750976252,-3.5822468458655505,-3.7205513450803203,-3.8613003947540814,-3.731284913019977,-3.9177887500812347,-3.7153727416992037,-3.993053161004988,-8.269675381303754,-3.980030276072059,-3.854183599417736,-3.9850020587644734,-3.9360360883028966,-4.047374465216753,-3.9671276001666613,-4.069074762962982
235,-4.0946934512554405,-3.987386630616842,-6.713340250700491,-3.93857596426659,-3.7757982395927563,-3.8735082256258777,-3.8108529125968778,-3.7396236541415493,-3.6446490772997793,-3.2534261916700706,-3.70621034578174,-3.19870790501725,-3.7420077956435436,-3.600821147157569,-3.7313371315987656,-3.888609878436992,-3.7475280284645254,-3.9331278763145874,-3.746081303033024,-4.01512991429531,-8.358153243805,-4.045763230118404,-3.8307701120912276,-3.99430731655845,-3.9308803297836663,-4.065948839504799,-3.9713071511845377,-4.079987021152493
236,-4.087621243874435,-4.000839360364065,-6.744239565522507,-3.9447846372833415,-3.7748018337848026,-3.8643758217506843,-3.8176628429442867,-3.7411775006511374,-3.6667776439879582,-3.2399235411331095,-3.7337481581895657,-3.1999033871849183,-3.7635720998514666,-3.603311077105285,-3.736031768016612,-3.929005753936769,-3.754735457905901,-3.9816170869794565,-3.753528601628672,-4.08865450127868,-8.360924990180468,-4.095125087251394,-3.8213039124702206,-4.011201352783479,-3.9344776750422845,-4.069032267326311,-3.9631197092798756,-4.092201791806581
237,-4.087303305924817,-3.991638892071784,-6.7057911941067925,-3.9700274636414092,-3.778593325086111,-3.894350165260242,-3.845940628236299,-3.735823048030516,-3.6525940739353797,-3.248892528128872,-3.7213441888341294,-3.182719693656344,-3.738779543243935,-3.627613867952044,-3.706340849425368,-3.9227208564350136,-3.720322831050724,-3.9521167029897266,-3.723557523212452,-4.024050048820567,-8.261515630388661,-4.038725710352145,-3.826837908184852,-4.004941484861091,-3.9464053953024654,-4.059126674834865,-3.9981390250211217,-4.07654713474851
238,-4.087303305924817,-3.991638892071784,-6.7057911941067925,-3.9700274636414092,-3.778593325086111,-3.894350165260242,-3.845940628236299,-3.735823048030516,-3.6525940739353797,-3.248892528128872,-3.7213441888341294,-3.182719693656344,-3.738779543243935,-3.627613867952044,-3.706340849425368,-3.9227208564350136,-3.720322831050724,-3.9521167029897266,-3.723557523212452,-4.024050048820567,-8.261515630388661,-4.038725710352145,-3.826837908184852,-4.004941484861091,-3.9464053953024654,-4.059126674834865,-3.9981390250211217,-4.07654713474851
239,-8.639217288694525,-8.408318127436567,-13.256399707292559,-8.432273814955318,-8.053069776922403,-8.462999276325581,-8.181647765679955,-8.3956926186776,-7.925104425993017,-8.069775919341069,-8.032293642816452,-7.900105045168727,-8.139893674014676,-8.134981316315214,-8.179438562437813,-8.415422423794992,-8.263103085094837,-8.24071890929236,-8.284471035290817,-8.17419867046624,-17.735161085367533,-8.162780603684759,-8.118332249486482,-8.528858945613647,-8.407368302668514,-8.471014225180207,-8.446420246379791,-8.574413148874784
240,-8.639217288694525,-8.408318127436567,-13.256399707292559,-8.432273814955318,-8.053069776922403,-8.462999276325581,-8.181647765679955,-8.3956926186776,-7.925104425993017,-8.069775919341069,-8.032293642816452,-7.900105045168727,-8.139893674014676,-8.134981316315214,-8.179438562437813,-8.415422423794992,-8.263103085094837,-8.24071890929236,-8.284471035290817,-8.17419867046624,-17.735161085367533,-8.162780603684759,-8.118332249486482,-8.528858945613647,-8.407368302668514,-8.471014225180207,-8.446420246379791,-8.574413148874784
