,vallecula_x,vallecula_y,tongueRoot1_x,tongueRoot1_y,tongueRoot2_x,tongueRoot2_y,tongueBody1_x,tongueBody1_y,tongueBody2_x,tongueBody2_y,tongueDorsum1_x,tongueDorsum1_y,tongueDorsum2_x,tongueDorsum2_y,tongueBlade1_x,tongueBlade1_y,tongueBlade2_x,tongueBlade2_y,tongueTip1_x,tongueTip1_y,tongueTip2_x,tongueTip2_y,hyoid_x,hyoid_y,mandible_x,mandible_y,shortTendon_x,shortTendon_y
0,-8.37834603173059,-8.38188756451784,-3.802059927819732,-8.371621296094501,-7.865468133637455,-8.34331070221831,-7.945541400619498,-8.136416342392987,-7.95156266941224,-7.729785967984022,-8.04328534803597,-7.640990706557439,-8.100094334496283,-7.91855048150869,-8.158571492834652,-8.11568790388737,-8.227361290787455,-8.071219075883617,-8.251373402267829,-7.974510442708533,-11.015195903053298,-7.848409779604386,-8.297291706276452,-8.448837420457195,-8.381600357447894,-8.41000494366733,-8.412585170997867,-8.456746940092033
1,-8.37834603173059,-8.38188756451784,-3.802059927819732,-8.371621296094501,-7.865468133637455,-8.34331070221831,-7.945541400619498,-8.136416342392987,-7.95156266941224,-7.729785967984022,-8.04328534803597,-7.640990706557439,-8.100094334496283,-7.91855048150869,-8.158571492834652,-8.11568790388737,-8.227361290787455,-8.071219075883617,-8.251373402267829,-7.974510442708533,-11.015195903053298,-7.848409779604386,-8.297291706276452,-8.448837420457195,-8.381600357447894,-8.41000494366733,-8.412585170997867,-8.456746940092033
2,-8.37834603173059,-8.38188756451784,-3.802059927819732,-8.371621296094501,-7.865468133637455,-8.34331070221831,-7.945541400619498,-8.136416342392987,-7.95156266941224,-7.729785967984022,-8.04328534803597,-7.640990706557439,-8.100094334496283,-7.91855048150869,-8.158571492834652,-8.11568790388737,-8.227361290787455,-8.071219075883617,-8.251373402267829,-7.974510442708533,-11.015195903053298,-7.848409779604386,-8.297291706276452,-8.448837420457195,-8.381600357447894,-8.41000494366733,-8.412585170997867,-8.456746940092033
3,-8.37834603173059,-8.38188756451784,-3.802059927819732,-8.371621296094501,-7.865468133637455,-8.34331070221831,-7.945541400619498,-8.136416342392987,-7.95156266941224,-7.729785967984022,-8.04328534803597,-7.640990706557439,-8.100094334496283,-7.91855048150869,-8.158571492834652,-8.11568790388737,-8.227361290787455,-8.071219075883617,-8.251373402267829,-7.974510442708533,-11.015195903053298,-7.848409779604386,-8.297291706276452,-8.448837420457195,-8.381600357447894,-8.41000494366733,-8.412585170997867,-8.456746940092033
4,-8.37834603173059,-8.38188756451784,-3.802059927819732,-8.371621296094501,-7.865468133637455,-8.34331070221831,-7.945541400619498,-8.136416342392987,-7.95156266941224,-7.729785967984022,-8.04328534803597,-7.640990706557439,-8.100094334496283,-7.91855048150869,-8.158571492834652,-8.11568790388737,-8.227361290787455,-8.071219075883617,-8.251373402267829,-7.974510442708533,-11.015195903053298,-7.848409779604386,-8.297291706276452,-8.448837420457195,-8.381600357447894,-8.41000494366733,-8.412585170997867,-8.456746940092033
5,-8.37834603173059,-8.38188756451784,-3.802059927819732,-8.371621296094501,-7.865468133637455,-8.34331070221831,-7.945541400619498,-8.136416342392987,-7.95156266941224,-7.729785967984022,-8.04328534803597,-7.640990706557439,-8.100094334496283,-7.91855048150869,-8.158571492834652,-8.11568790388737,-8.227361290787455,-8.071219075883617,-8.251373402267829,-7.974510442708533,-11.015195903053298,-7.848409779604386,-8.297291706276452,-8.448837420457195,-8.381600357447894,-8.41000494366733,-8.412585170997867,-8.456746940092033
6,-8.37834603173059,-8.38188756451784,-3.802059927819732,-8.371621296094501,-7.865468133637455,-8.34331070221831,-7.945541400619498,-8.136416342392987,-7.95156266941224,-7.729785967984022,-8.04328534803597,-7.640990706557439,-8.100094334496283,-7.91855048150869,-8.158571492834652,-8.11568790388737,-8.227361290787455,-8.071219075883617,-8.251373402267829,-7.974510442708533,-11.015195903053298,-7.848409779604386,-8.297291706276452,-8.448837420457195,-8.381600357447894,-8.41000494366733,-8.412585170997867,-8.456746940092033
7,-8.37834603173059,-8.38188756451784,-3.802059927819732,-8.371621296094501,-7.865468133637455,-8.34331070221831,-7.945541400619498,-8.136416342392987,-7.95156266941224,-7.729785967984022,-8.04328534803597,-7.640990706557439,-8.100094334496283,-7.91855048150869,-8.158571492834652,-8.11568790388737,-8.227361290787455,-8.071219075883617,-8.251373402267829,-7.974510442708533,-11.015195903053298,-7.848409779604386,-8.297291706276452,-8.448837420457195,-8.381600357447894,-8.41000494366733,-8.412585170997867,-8.456746940092033
8,-8.37834603173059,-8.38188756451784,-3.802059927819732,-8.371621296094501,-7.865468133637455,-8.34331070221831,-7.945541400619498,-8.136416342392987,-7.95156266941224,-7.729785967984022,-8.04328534803597,-7.640990706557439,-8.100094334496283,-7.91855048150869,-8.158571492834652,-8.11568790388737,-8.227361290787455,-8.071219075883617,-8.251373402267829,-7.974510442708533,-11.015195903053298,-7.848409779604386,-8.297291706276452,-8.448837420457195,-8.381600357447894,-8.41000494366733,-8.412585170997867,-8.456746940092033
9,-8.37834603173059,-8.38188756451784,-3.802059927819732,-8.371621296094501,-7.865468133637455,-8.34331070221831,-7.945541400619498,-8.136416342392987,-7.95156266941224,-7.729785967984022,-8.04328534803597,-7.640990706557439,-8.100094334496283,-7.91855048150869,-8.158571492834652,-8.11568790388737,-8.227361290787455,-8.071219075883617,-8.251373402267829,-7.974510442708533,-11.015195903053298,-7.848409779604386,-8.297291706276452,-8.448837420457195,-8.381600357447894,-8.41000494366733,-8.412585170997867,-8.456746940092033
10,-8.37834603173059,-8.38188756451784,-3.802059927819732,-8.371621296094501,-7.865468133637455,-8.34331070221831,-7.945541400619498,-8.136416342392987,-7.95156266941224,-7.729785967984022,-8.04328534803597,-7.640990706557439,-8.100094334496283,-7.91855048150869,-8.158571492834652,-8.11568790388737,-8.227361290787455,-8.071219075883617,-8.251373402267829,-7.974510442708533,-11.015195903053298,-7.848409779604386,-8.297291706276452,-8.448837420457195,-8.381600357447894,-8.41000494366733,-8.412585170997867,-8.456746940092033
11,-8.37834603173059,-8.38188756451784,-3.802059927819732,-8.371621296094501,-7.865468133637455,-8.34331070221831,-7.945541400619498,-8.136416342392987,-7.95156266941224,-7.729785967984022,-8.04328534803597,-7.640990706557439,-8.100094334496283,-7.91855048150869,-8.158571492834652,-8.11568790388737,-8.227361290787455,-8.071219075883617,-8.251373402267829,-7.974510442708533,-11.015195903053298,-7.848409779604386,-8.297291706276452,-8.448837420457195,-8.381600357447894,-8.41000494366733,-8.412585170997867,-8.456746940092033
12,-4.2226057919691655,-3.9695013213390307,-7.001231237448524,-4.100941478009922,-3.880205902871896,-4.307109677544581,-3.7471926149734633,-4.384363281781683,-3.5388455460729897,-4.427839897648286,-3.5754644648008367,-4.307124399607357,-3.5667181039600373,-4.194463455606738,-3.617835754841246,-4.257850694966976,-3.712088864833432,-4.02255582307015,-3.745404872008545,-3.893450156860995,-8.365355102066667,-3.878239268765465,-3.8322126153669163,-4.011434025742269,-3.9793389400693493,-3.956262865786799,-3.998308414092676,-4.106488266520604
13,-3.5758752070663977,-4.105587755293997,-5.1067929452003575,-3.7985414568307387,-3.0596572859364954,-5.992739826702653,-3.4826018937842154,-5.697991951081921,-3.730460650486708,-5.050733057191909,-3.5702537236711236,-4.212368811503187,-3.7984809874160392,-4.509537501676256,-3.7609190211103343,-4.452004425747693,-3.7660163183372393,-4.2932047965443045,-3.8276545371778212,-4.112120425804476,-8.513428328455868,-3.989587402601072,-3.5597572993801987,-4.226043338603895,-3.996598342984512,-4.073954790551163,-4.006906023115864,-4.047747445292666
14,-4.395442032880414,-4.047293244324406,-7.11579553743022,-4.109552832007267,-3.8798880710222554,-4.317196710737464,-3.974809139008398,-4.590856505726287,-3.786506953730359,-4.754510079473167,-3.726116564912643,-4.572648983152047,-3.713713657180778,-4.467582845563864,-3.741157789893163,-4.450299375673923,-3.810633056869039,-4.175875911577932,-3.82351326508716,-3.9993962143522577,-8.532996181830958,-3.962280683073994,-3.7654085436478284,-4.105361247440594,-3.9413396460288364,-3.914638739925266,-3.9347983840798,-4.073862780031248
15,-4.425355514401279,-4.052106247847703,-7.1197519339814805,-4.112755008927884,-3.934306861523837,-4.368604022153833,-4.000140052103866,-4.670715337196198,-3.7978892601139354,-4.826290178633923,-3.732387329754917,-4.59262697998438,-3.7190259712560847,-4.490773858252505,-3.749296514106499,-4.466680202328879,-3.8204577359552534,-4.185424288676829,-3.8326870410332585,-4.0123314583218885,-8.550823806638201,-3.971211670974449,-3.7873571670032495,-4.10639091874085,-3.9455710844518834,-3.9198976933954235,-3.933848250121698,-4.094007127648127
16,-4.4880664987752175,-4.051266893169775,-7.101414229010905,-4.096104434391439,-3.9313898517082735,-4.266840932413854,-3.974072355292264,-4.553618488747829,-3.799040323260904,-4.7352573170780685,-3.7496853572364186,-4.603521129184637,-3.727190852988701,-4.507628544594282,-3.7588445669222352,-4.482243577659384,-3.8330425484998343,-4.187656054827731,-3.845865107657193,-4.020590228745075,-8.568788328674964,-3.9833181789583993,-3.805445422255521,-4.1043860160445185,-3.942838992202128,-3.9295170136547775,-3.9310403576560393,-4.105232358450194
17,-4.4615611081278,-4.00419113117752,-7.006785839386309,-4.093478584089592,-3.8084253256340395,-4.158393742340288,-3.8918493939156704,-4.376584828606104,-3.836858884925547,-4.663307256560035,-3.7803282078751357,-4.584836723998778,-3.720946906662099,-4.490099670798834,-3.7582110097971375,-4.455080935919195,-3.833320560429284,-4.160501781823718,-3.8404520683001504,-4.016075507854646,-8.546991247574724,-3.976340657976639,-3.8021242624876046,-4.105848682874048,-3.943191159755181,-3.9292916504082367,-3.9167756928117172,-4.098596856949588
18,-4.441798332828851,-3.971920913594958,-7.0506343771271265,-4.032933073368226,-3.7835773263275807,-4.108473607227059,-3.9173557692294554,-4.361483831066,-3.843343378992492,-4.688028469961362,-3.7649056352549604,-4.568163199759993,-3.7092407019112916,-4.4629813462701335,-3.7580922373711196,-4.39224599038661,-3.829457328134969,-4.132760324757259,-3.8310253598697885,-4.004481485993514,-8.532406340681545,-3.968280821258912,-3.805393231345422,-4.112335684171493,-3.9396215919916813,-3.9211470441755325,-3.9155854293696706,-4.090129320643777
19,-4.427685238414683,-3.990041674525853,-6.937567696178957,-4.092216442771688,-3.768892547889123,-4.213408247342999,-3.950257824511676,-4.584083100963393,-3.790209497268352,-4.783654370205063,-3.725834823703823,-4.564702842105677,-3.6997220369143227,-4.458762091519267,-3.75511417506824,-4.389159815458792,-3.8332471795981204,-4.122847619345399,-3.839464779030115,-4.000407858523414,-8.532964070135144,-3.9658577534641366,-3.803458942390806,-4.118065213689582,-3.950061460214483,-3.9185788347141557,-3.8903504166013296,-4.095315264780966
20,-4.305551177810155,-4.026037016943,-6.789978559653305,-4.16063344761117,-3.6911767419953936,-4.288054383605708,-3.862986909674598,-4.610468097705652,-3.727447371458048,-4.824687791863775,-3.6768578294148737,-4.542469780734577,-3.6800664748356904,-4.429312107645273,-3.7410783999031403,-4.3820350194566275,-3.840341554832133,-4.1203355333316,-3.8630309817184156,-4.010013371623562,-8.568954520784875,-4.002767395331062,-3.8055216561691485,-4.09512979021722,-3.9277880597896604,-3.9223268870544827,-3.8828353372517164,-4.102143210288523
21,-4.33163629309233,-4.011097832263358,-6.78895237564797,-4.181070446101326,-3.665674435221936,-4.356638807337988,-3.934468063539146,-4.77814589433602,-3.7174041094512584,-4.892543936020468,-3.6501556776159774,-4.5234518033207785,-3.6688509670860086,-4.409428270857549,-3.730299177124028,-4.349948340257104,-3.8342115707654063,-4.1060593473483955,-3.86348626019009,-4.0003322267354475,-8.564718030389853,-4.001541705876292,-3.825922437870572,-4.087541372315335,-3.9436771062789777,-3.918459883048255,-3.89458837749368,-4.077134328149402
22,-4.342420690072933,-3.9646636998712697,-6.767108372655207,-4.131958286410359,-3.68083744109896,-4.251643425788694,-3.772352531206471,-4.431285006809785,-3.7274379294784685,-4.76113003722969,-3.652308092177359,-4.507612209651841,-3.6491884844989655,-4.38376933722112,-3.7144224293556576,-4.3313951257955985,-3.8124631032072074,-4.091745824276273,-3.842104371068137,-3.976645123623974,-8.56436029483123,-3.9740170686860328,-3.8060931173139934,-4.098456753368047,-3.9488628772641983,-3.9097792777426967,-3.907166943961535,-4.039915496500416
23,-4.349522396851326,-3.9212962599896004,-6.842365253125635,-4.040972293907327,-3.7006468881968586,-4.202107233037921,-3.822050628536626,-4.480568237027732,-3.7503802231340795,-4.895070719604983,-3.679041875495782,-4.555360639512747,-3.678893283886057,-4.418548088371754,-3.7330550099666486,-4.364424898151668,-3.8188356019720486,-4.114526407348691,-3.843056988694263,-3.983041254247171,-8.561712488334342,-3.9702015615678805,-3.816969644337109,-4.108649273441411,-3.965057476199819,-3.8932338892498217,-3.9309936297564607,-3.998388972487086
24,-4.354796961942171,-3.951420808793529,-6.815581850586401,-4.0668524806651325,-3.691203967814915,-4.20024063466504,-3.7384137253618333,-4.423031862063144,-3.6871322645563005,-4.733662352201252,-3.6488554750400244,-4.528846007812884,-3.6676197756849325,-4.402387980174758,-3.722424565279073,-4.35336405219863,-3.80307781421979,-4.110635766004978,-3.8246139476844108,-3.9819628111975924,-8.531917341524245,-3.961553684815062,-3.8123360884253614,-4.1112357096837195,-3.970696307708868,-3.8816085136369165,-3.9258814677428244,-4.001716767287856
25,-4.2651249851167226,-4.026837295518605,-6.6150776882292375,-4.152279274126,-3.643668574727354,-4.260998736598382,-3.700801770324178,-4.364745201212498,-3.6905172142356966,-4.645809771937701,-3.658735911192173,-4.506857130033478,-3.670447627240776,-4.386997215989945,-3.7433175726925842,-4.309871401715722,-3.8438441471879243,-4.069565259890616,-3.8651405523146947,-3.9807662279828695,-8.580011648043266,-4.0067626390677145,-3.8276766975060834,-4.095917185917415,-3.962083368532824,-3.905915856617972,-3.923145938621652,-4.016798511707283
26,-4.299476122898855,-4.030233790332641,-6.650603975289168,-4.091853035526223,-3.602845233950514,-4.186570704459157,-3.6824554617904606,-4.315812013340118,-3.5860078048937294,-4.4557387946792515,-3.6422985552885305,-4.472586035612935,-3.66893269499486,-4.381206259714822,-3.743513234636497,-4.322427479000593,-3.845031663809318,-4.074234146181473,-3.868809494305529,-3.985443805643007,-8.566320235002014,-4.006224208417208,-3.814679108439965,-4.090306991553521,-3.9665919433439503,-3.9117996646222597,-3.9273365226158177,-4.01857791568804
27,-4.274536385453503,-4.056672290404309,-6.584602055318335,-4.09578202693777,-3.5745664854514185,-4.144020059062385,-3.686909260254191,-4.234145938852901,-3.6016390020882634,-4.377060787856729,-3.6563017554219717,-4.472376735391484,-3.6668364400424385,-4.391544340107384,-3.7380743952019477,-4.341836180279144,-3.845798284687736,-4.089308412440311,-3.8751484370712577,-3.9916759753828033,-8.587842958280127,-4.014231318930376,-3.8012505045544907,-4.083809534910241,-3.9655855678886223,-3.9195125336338466,-3.9392352630446625,-4.001744488867145
28,-4.229640851960869,-4.08574061216241,-6.460695924804907,-4.159356863184793,-3.5372617859150215,-4.195553656156472,-3.6099780082341857,-4.266323197276286,-3.561360804743055,-4.381154333123404,-3.6410638226018333,-4.46613842601321,-3.6723408806131483,-4.3881361817362095,-3.7411287219046896,-4.342631807960304,-3.847524822292516,-4.09701793790997,-3.869984919872849,-4.0239194075577105,-8.59659593052314,-4.02042599862867,-3.8199433533833,-4.090239212070172,-3.9654623252091312,-3.931600100960644,-3.9481534773788485,-3.9966473341360853
29,-4.230620159116104,-4.080937377664694,-6.5651157354784235,-4.156243208541918,-3.540128191218211,-4.177344221991839,-3.6471108568553605,-4.266508292838525,-3.548709839648651,-4.356180775348824,-3.6177580132601808,-4.430827371117329,-3.6672414545584777,-4.3644004462993555,-3.7534866802727866,-4.32632175226288,-3.850618152451735,-4.071790900425368,-3.8800323075679657,-3.9865462631654065,-8.604274569364117,-4.016912563312996,-3.811454120686164,-4.105688247394843,-3.9644569075984646,-3.9361209808411757,-3.9534424915124187,-3.998618378599755
30,-4.255010697903926,-4.082244473287445,-6.61357346504122,-4.138971580341107,-3.548194728050171,-4.168809909346461,-3.6400098903733786,-4.243764761004341,-3.543514175794363,-4.327330762687501,-3.6180471106363337,-4.416860215019817,-3.671068166161607,-4.369152448313181,-3.7570201599468045,-4.315854821173716,-3.8510116049570393,-4.06661592156206,-3.8795548619796927,-3.980002457335779,-8.600432996491291,-4.008645977536995,-3.8200782287689483,-4.095552690929825,-3.9716969360962384,-3.920729996768579,-3.948508479615926,-3.9920142145366064
31,-4.208517098291108,-4.06902385558803,-6.513678008205085,-4.130188772668979,-3.553838462877461,-4.189114216666067,-3.618189009648211,-4.284058220778686,-3.5399575537589687,-4.408192290527982,-3.610869698170375,-4.452862033320177,-3.679039932754762,-4.372875853242145,-3.7654651919956588,-4.3084057881855005,-3.8535423487440035,-4.071976127389925,-3.8772551657295113,-4.002455161338546,-8.612517134652624,-4.015968946065872,-3.827080606942989,-4.101856903939724,-3.9690989420987797,-3.931378320595605,-3.9400809082273174,-4.00561787648929
32,-4.259298672037711,-4.120172519725558,-6.480360556816044,-4.14693765352439,-3.5267162198424247,-4.177737769976314,-3.629200051851536,-4.251110527690327,-3.519355154315614,-4.316378645793714,-3.593092416387186,-4.399027908825807,-3.6622807682200422,-4.332883234740965,-3.7297243810939076,-4.285369062092824,-3.830391293103968,-4.071985461662154,-3.8630514436721985,-3.9888729067448536,-8.583505062529905,-4.014457288378489,-3.8233844349614983,-4.09111746112039,-3.9694293985062234,-3.9285428281741024,-3.9492454175321994,-3.9918032894767967
33,-4.274437325748697,-4.123948052732142,-6.4639258643622926,-4.147513514236435,-3.5252185038358737,-4.153028154887924,-3.6088007302963208,-4.231619145375001,-3.5181178258097563,-4.282814988677916,-3.6039221659335463,-4.385075287465896,-3.667529479527573,-4.357314195646127,-3.733290679464588,-4.296354148827007,-3.836210750970525,-4.079636939626385,-3.867523801542823,-3.9986559061211424,-8.592442817864615,-4.023716061846209,-3.8145213628802286,-4.096665283938434,-3.969584888622577,-3.9376867000580025,-3.9477605087233636,-3.9923050902381347
34,-4.2649811300307,-4.086067679138865,-6.409926233158805,-4.149454481652597,-3.4739075998193316,-4.170028693269664,-3.549159336148254,-4.217335027142795,-3.46660710621158,-4.27935341762837,-3.5693838568840994,-4.371546353707049,-3.6624527922862518,-4.312443347043301,-3.7194827598220312,-4.286972788108453,-3.8080161055202604,-4.073523574707993,-3.835536368097558,-3.9948853578597547,-8.57993221384836,-3.9984459244371324,-3.7963008711085493,-4.094457403321218,-3.9671963433239417,-3.921971106921232,-3.960020741375338,-4.001676992848006
35,-4.28009720395603,-4.108950644660036,-6.442318594907394,-4.177055727852387,-3.473802839600735,-4.200631639984862,-3.5066071215266263,-4.253368556947778,-3.433876913178727,-4.33749281903621,-3.541786827329251,-4.364098027423506,-3.634074753225908,-4.275797714839967,-3.70505597332812,-4.2776809043273945,-3.7926449094638883,-4.053198780319988,-3.819178172823164,-3.976652576391401,-8.56502675336013,-3.9908782855402967,-3.8060130717046854,-4.075574688212364,-3.9672685009549387,-3.945112221973047,-3.951764181119215,-4.017919829501434
36,-4.255599593281397,-4.123366209568531,-6.4389291396184865,-4.1729124193473615,-3.502816981159755,-4.182333495075703,-3.517766308477152,-4.193464871212977,-3.447674649611199,-4.280253322194745,-3.5602302100643652,-4.32252286399011,-3.6498189098603837,-4.262149869252378,-3.6960949063441224,-4.261555102532623,-3.771171769170584,-4.046336631751175,-3.8050261740379137,-3.961203265542948,-8.537869835874485,-3.970398180961239,-3.8030182517285676,-4.090721960624458,-3.9697260110690404,-3.9122518242679423,-3.9408386140989586,-3.9867495250437543
37,-4.227230277747218,-4.073412883401107,-6.472094695454262,-4.121677588617499,-3.4916538032899496,-4.120952440302614,-3.4965527161483134,-4.06479101250636,-3.4012166766309426,-4.121831895762046,-3.5094189554511486,-4.113738262354636,-3.5898438066846357,-4.240311439074007,-3.6438600436177255,-4.2540038101872675,-3.728796725542018,-4.042573461562598,-3.78694832206433,-3.941489039527092,-8.477012538677382,-3.926544523927274,-3.803551302709239,-4.097807440338718,-3.9609416176989893,-3.9445135224738896,-3.939584099794991,-4.025889180904075
38,-4.186564447973776,-4.048549541014136,-6.501259149693001,-4.113640231705299,-3.5160342287393944,-4.086849091916461,-3.5542855646702027,-4.006013267857737,-3.4716117845698204,-4.03226931127505,-3.565072039402372,-4.0915259129846175,-3.636532851903806,-4.242061478230031,-3.6685403286261145,-4.3079337739577275,-3.7575035453301227,-4.093296188554413,-3.8020151406999667,-3.9731395626488912,-8.523643227903012,-3.970189873492978,-3.82427754458038,-4.080503482451088,-3.968733045438943,-3.947996441582992,-3.9549955451748064,-4.004758105769303
39,-4.238524540855502,-3.9929114234805576,-6.814299628591618,-4.009737441159611,-3.6644986941245192,-3.9189123070526177,-3.6591562856091793,-3.795474578912567,-3.5960300370369094,-3.736594440378797,-3.6664635649745745,-3.90509464767389,-3.7131682552084064,-4.1960526348662315,-3.6905579233786,-4.309941549140588,-3.7470524445144613,-4.1059829229945155,-3.7924139372748433,-3.983664802455258,-8.491606459379911,-3.9696872862721726,-3.797820564855976,-4.099929515014245,-3.9644147624334583,-3.920169992389655,-3.958259359160661,-4.002189641183849
40,-4.21983539794541,-3.941770965324518,-6.885437040696076,-3.9886435141872694,-3.7139259857360636,-3.904187171016145,-3.72154571228423,-3.738659803436937,-3.618681775229993,-3.6717519560091283,-3.698859758096905,-3.7756202952310716,-3.7643968243970156,-4.133835457702653,-3.731416888164655,-4.291094962559973,-3.7573526075229315,-4.15112288010499,-3.789538748574512,-4.0095352903945205,-8.484434847314935,-3.977306092963581,-3.820541496397915,-4.096775966392628,-3.9763338620917046,-3.9321930678493953,-3.9681952033078955,-3.9571195761657147
41,-4.225727993621019,-3.914309062132974,-6.950673894769862,-3.923024279231143,-3.8530369024511573,-3.8529140557897437,-3.8067672914516915,-3.620739928595577,-3.6791293285005504,-3.493269151902927,-3.74051148095652,-3.6161785841713145,-3.7565173312493383,-3.9894522105732793,-3.732522721962681,-4.24063090511061,-3.750241229413405,-4.1075309537045985,-3.780022234902545,-4.013164788131634,-8.470714702756375,-4.016185824789062,-3.794241675818528,-4.116065718930752,-3.9598688316806205,-3.945024799664373,-3.942442614151859,-4.016720569875658
42,-4.263270164982242,-3.849853031348871,-7.182486829527408,-3.8203034940466667,-3.992799759170682,-3.73496153769202,-3.9597493323842223,-3.556683545375812,-3.787630978481258,-3.31058852492875,-3.857775776589625,-3.350544263357738,-3.8556447164369225,-3.750163890122837,-3.783668941636923,-4.166519683089063,-3.7747632537527442,-4.162608118691535,-3.796296024617585,-4.104571048429003,-8.528052107401875,-4.081157755291758,-3.827599877177736,-4.123817817074343,-3.9428543177166753,-3.9638005318928884,-3.9202458883540454,-4.025446840921503
43,-4.3014278175975935,-3.8872852020484863,-7.1258181038862825,-3.9040828413280932,-3.9961810875822303,-3.853537291147786,-3.926035633008293,-3.6294431765729067,-3.760651809374347,-3.3036512812323298,-3.86580760789121,-3.2023102884619754,-3.907281266073747,-3.645837993847372,-3.8454162254512525,-4.074596003412606,-3.8361749554431297,-4.144845873726571,-3.8368806047835884,-4.152259651026016,-8.6137058307608,-4.151986709995568,-3.840434736158996,-4.093693081487697,-3.939291774147344,-3.9553173433581477,-3.9257870384457587,-3.9929679975689654
44,-4.338896786750485,-3.8764611217046268,-7.225818719182369,-3.859454102051369,-4.02540001465331,-3.8060747826798864,-3.996796813908162,-3.586208336581621,-3.8066883267206277,-3.2383772137654674,-3.886474760010827,-3.0989708476991997,-3.9255102147757035,-3.6062567494477853,-3.850465928911087,-4.058130688081476,-3.8353379366941636,-4.134211512392959,-3.8258217713452196,-4.1330820242649295,-8.575411225095692,-4.098168839239771,-3.841142245518931,-4.107564441178641,-3.942163711717351,-3.9559765935547064,-3.9286861152154566,-4.031478092346006
45,-4.313481417046027,-3.892752339524694,-7.26591304910169,-3.838095540059252,-4.1081295143986445,-3.7686987423682816,-4.110359218685593,-3.551390563606119,-3.9301156005127162,-3.205999946298619,-3.9634165922212317,-3.0283160347478333,-3.9596345826531136,-3.534345578801296,-3.8722472290476024,-4.016083074550829,-3.8428290456901597,-4.151162550761966,-3.824298492563587,-4.152849799794892,-8.576236552014405,-4.107032036305792,-3.8775319177742706,-4.1018583460563915,-3.9269665483535707,-3.966923013122785,-3.9115285390881875,-4.023462136549197
46,-4.320155928847443,-3.9067755803658524,-7.1965303100439755,-3.8621973608479045,-4.076412322453568,-3.8145441161174913,-4.103949069021234,-3.6166418718669933,-3.9134603777146526,-3.1997239932979844,-3.950155261563236,-3.0312015435300386,-3.9593531486444093,-3.5030232116246194,-3.876277052438766,-3.977285625039023,-3.8478529479603205,-4.113677863663816,-3.8178075061134975,-4.136636166242501,-8.548968088638041,-4.086004670086302,-3.9011535823264536,-4.074556193316277,-3.9130525775516416,-3.977018498333893,-3.8908735094771694,-4.015074149123086
47,-4.349834143569393,-3.8963485132216085,-7.203143100735779,-3.8463947365508773,-4.084220509932885,-3.78675307398914,-4.128646164253234,-3.6174932431523565,-3.9397459905033303,-3.20022088905649,-3.968587610047352,-3.056692202965923,-3.9885847170754127,-3.4897857691533325,-3.909362049382966,-3.9435662255549264,-3.877792923667249,-4.102237546262377,-3.852510979729669,-4.1678602254504025,-8.574442240590448,-4.117797532495937,-3.902222909568759,-4.0580345837205085,-3.9269001377905286,-3.9797665684467223,-3.9036432060342734,-3.9911829689199467
48,-4.337493562329093,-3.8703949475797863,-7.247608872915447,-3.843908192359792,-4.1058641486546925,-3.8131959388153285,-4.156411221625854,-3.6472161071000464,-3.959406767074034,-3.2454369187018477,-3.9536336252862334,-3.109648065940764,-3.974046706192529,-3.476367399756167,-3.8988853837311823,-3.8397748486562935,-3.88182260516396,-3.899010312798843,-3.836429873412755,-4.051091921569371,-8.466034282250812,-4.0497267037341045,-3.8779673307040268,-4.073773123966083,-3.9302669617678183,-3.985191767618621,-3.917780342652661,-4.01956785730208
49,-4.295145174334308,-3.850767412143262,-7.181442357094254,-3.818848001437907,-4.084518810216349,-3.7705523448996083,-4.162372734360746,-3.6139535466530424,-3.9792435078096364,-3.275251035306859,-3.9826139821078894,-3.1773010922091185,-4.008503917569693,-3.5222403051792357,-3.966723505087094,-3.7878504777043647,-3.940662696506936,-3.8616953927768707,-3.8984798956786584,-3.9205525596531534,-8.614638760028642,-3.921175801522085,-3.8685838155585692,-4.0544332578737805,-3.9323343098240504,-3.9411900415916725,-3.917831289043174,-3.984684870029731
50,-4.193921087816009,-3.838822238423715,-7.132974975305665,-3.8232633994703065,-4.042080564035884,-3.8140587496872493,-4.161003971457084,-3.685658611251981,-3.9282327839483053,-3.4207149492677544,-3.9728012226951956,-3.282192842947664,-4.016747561278986,-3.5713281429005836,-3.9651053870621147,-3.769220256958672,-3.9512196924244796,-3.741262570598139,-3.9318175338798067,-3.746704614159814,-8.724168374269407,-3.744847165928853,-3.8674898588980153,-4.046340099138438,-3.918692047623798,-3.9693124367971606,-3.908179057286438,-4.076110638525791
51,-4.224610658421218,-3.7936416673941937,-7.094188775987205,-3.791860354394883,-3.9915618721808785,-3.766084035551115,-4.14030547105956,-3.647215424090593,-3.928326774563214,-3.4035124849053258,-3.9790366779342747,-3.286993666777217,-4.031354447697958,-3.5421409723786685,-3.987425851500945,-3.7349427957389665,-3.9538309761480868,-3.694400731957304,-3.9426078041747723,-3.689721030438792,-8.71450106374034,-3.6736395175982044,-3.8556032325193357,-4.027646301312962,-3.9296641581955924,-3.9464744335205024,-3.9149237752916073,-4.059771780749898
52,-4.248118764618065,-3.821804986622461,-7.073817499445663,-3.7999960176260488,-3.9737467163629923,-3.7613074987431365,-4.137151091149737,-3.669921390404765,-3.8953086011531735,-3.427291117853625,-3.9700750270819087,-3.289155708995338,-4.015817906315807,-3.5168477765351582,-3.9771070281521586,-3.6877756672583546,-3.9667907468421504,-3.598685354338638,-3.9167586726706407,-3.6340723201725336,-8.633928312040018,-3.661623137658502,-3.8498634052379104,-4.021754894198999,-3.9402620707871723,-3.93217443686558,-3.937313578174486,-4.003323011838559
53,-4.22596180365957,-3.857015680904934,-6.903527343879228,-3.7803585150759162,-3.906086707723279,-3.7544651881645343,-4.042764237755162,-3.701830567617155,-3.8360730547159645,-3.448323279174814,-3.9323309003091205,-3.31211950429932,-3.984512162649692,-3.4032120732902293,-3.972233295418239,-3.6114103746510797,-3.963984675790292,-3.5662691770611774,-3.929493112768805,-3.695082054474859,-8.602870105194599,-3.897340440241032,-3.83180593675845,-3.999084459664202,-3.9548171589476966,-3.936158242808806,-3.9673446906357017,-3.9657534419472618
54,-4.126415905081518,-3.876772167479129,-6.836327023874444,-3.8069296415068306,-3.8347050479279883,-3.7082853127544357,-3.9690194111399415,-3.6460898245091418,-3.8469922749192356,-3.414804153419002,-3.935178840491754,-3.3142742791486417,-4.006636698490866,-3.423357105121214,-4.00661353692406,-3.6053639783938713,-4.017426801601808,-3.563226204314318,-3.973396223967107,-3.72818421107445,-8.700348819696012,-4.033182363577196,-3.83236097829113,-4.003012424936013,-3.952896041842778,-3.9386515700467704,-3.954145032502613,-3.9822417551941056
55,-4.082614034432755,-3.899764936847831,-6.6879235442990135,-3.809102630472021,-3.749904314369208,-3.6809324565011177,-3.9521422046826356,-3.622564929858706,-3.8397112211204583,-3.4118417046959615,-3.934872823930738,-3.2750137726781765,-3.9883276696201566,-3.400045366594734,-3.9796140640181736,-3.5967289862759024,-3.9638889227545047,-3.588511289304349,-3.912172637278999,-3.785184908557713,-8.57081587241588,-4.1184310261556485,-3.830077479370628,-4.0083129247456615,-3.943051633716483,-3.9715632029573684,-3.9169905113500594,-3.9589443792545835
56,-3.960408592570353,-3.9104635829032293,-6.452610915673769,-3.8286301790350645,-3.6979521239297872,-3.754928800686087,-3.8776424702598673,-3.6162102098915825,-3.8045110920656793,-3.3310989271487745,-3.9324390359689025,-3.2615931227144563,-3.980172015232088,-3.3878737423111263,-3.981584123494984,-3.5641384926826665,-3.989513449337671,-3.55837967515509,-3.9303454099826323,-3.782989654507726,-8.589499245748394,-4.132125034446348,-3.8588675100593917,-3.943293652696182,-3.962428831173263,-3.9651957059501717,-3.9641584319831757,-3.981985832788203
57,-3.9518384713442436,-3.949596736337026,-6.380703865565309,-3.860940344503976,-3.637106264424005,-3.7543705445358198,-3.850629168678896,-3.6037664606352386,-3.8214298319302005,-3.340203363697826,-3.939631160769525,-3.2816354357606725,-4.020717955818642,-3.455331003428106,-4.019569733248464,-3.5724592243372304,-4.023688035935658,-3.545164679245992,-3.96902418650878,-3.7463308716747545,-8.653256172741136,-4.109288094496962,-3.8336425876621507,-3.9764612544502516,-3.97164936314483,-3.947225047195388,-3.972339059402483,-3.9634071517581395
58,-3.7677939161862333,-3.994342390347677,-6.173669210441523,-3.8583680734754986,-3.5649356477282077,-3.767396333029855,-3.8282361970682603,-3.594312243762396,-3.7784619579473895,-3.379002795463929,-3.9215931028544113,-3.287278184265752,-3.99450274041067,-3.4515250647494127,-4.026585745476919,-3.5680112540679936,-4.041007105274546,-3.5411824453560268,-3.9844786454910865,-3.6961776112866787,-8.655402022729785,-4.061644903844628,-3.8651732275458213,-3.9862744978401885,-3.956858006635022,-3.9264805215809537,-3.9708736205518056,-3.960334877601253
59,-3.768489519260425,-4.012504181186014,-6.123123044024305,-3.9005121321880374,-3.536572558375157,-3.869173831202862,-3.7341968534264285,-3.7206478196006296,-3.652266467414828,-3.3902061434469677,-3.764948668833853,-3.2465642040352045,-3.8791859792141854,-3.4312835817128624,-3.8989494583294286,-3.5769199770261095,-3.9260342576440506,-3.524165483689397,-3.901182578740845,-3.6638930508767085,-8.598535589622882,-3.8326066867313475,-3.8407933287604052,-3.9649109815348833,-3.943347607716194,-3.961405017319958,-3.947642066477904,-3.9750433851053213
60,-3.8323699180172066,-3.9597424555445344,-6.1379905198164435,-3.8732933954094353,-3.523134544911131,-3.855103290055139,-3.7152726753114296,-3.7207226091359256,-3.625816907526172,-3.414777063508344,-3.7172711415041246,-3.2792052276338146,-3.8292643974711504,-3.44816772127513,-3.852728856185735,-3.5752361270629676,-3.8967266695878013,-3.517159237293039,-3.8975736016423475,-3.5810055797772136,-8.579397018918137,-3.745598579277581,-3.81080378676145,-3.961222768158969,-3.950665860194474,-3.9628747153125037,-3.9580825070407277,-3.9977308863004795
61,-3.9017423033492773,-3.9243324731402067,-6.135192898372198,-3.8937844390796856,-3.5439699910990723,-3.896652125579014,-3.724126162632643,-3.7425748136316437,-3.6450472156642104,-3.397057293180749,-3.758441403211852,-3.3208723232825363,-3.8505620973312498,-3.4729637726496834,-3.860254339610001,-3.591990138018217,-3.901597247682279,-3.511504418497926,-3.8730633071419973,-3.5761160122880318,-8.596515369602063,-3.642297814879805,-3.8079473606593015,-3.9378460569864955,-3.950643829767311,-3.943333321306789,-3.9558535213309614,-3.9691627944378247
62,-3.856786678491594,-4.004103991469337,-6.158827643255457,-3.9653342007377654,-3.540050656819137,-3.9339801377805252,-3.675625043339715,-3.7731193379534145,-3.586421964452575,-3.4387278843819207,-3.6995501344010253,-3.4459146708624235,-3.7884429547402436,-3.49135585236877,-3.8200342454523133,-3.6055560264548405,-3.870613534055668,-3.4645250263661995,-3.887916980425728,-3.3817699200568505,-8.706547503714154,-3.363264506708822,-3.776172185837303,-3.947133288322135,-3.9419823597951984,-3.9458076592727864,-3.969674271129285,-3.9645357012686264
63,-3.8054661034100152,-4.014966366393474,-6.114124121514158,-3.991271694022741,-3.5063640319510037,-4.00421475087197,-3.599246970109791,-3.834936474675736,-3.536992772170878,-3.4356348103362566,-3.6535634221325872,-3.435281783570541,-3.784860108671589,-3.5336280206712964,-3.805129556223191,-3.6077343378217126,-3.8710472565292946,-3.4396929452753136,-3.9160911014284663,-3.3373050534147977,-8.777629277530842,-3.306342542993934,-3.7646535346955567,-3.937919965465681,-3.9249700808021246,-3.9518498306395085,-3.9796007047967423,-4.01144543457032
64,-3.856047372606459,-4.000278831812801,-6.125209956843075,-3.9755734328321037,-3.536628785611127,-3.9700642219306066,-3.6273261784002355,-3.7945108525718947,-3.520365875311554,-3.5297087926844593,-3.649003701811766,-3.568931239389197,-3.7798410923336916,-3.6390210297814964,-3.8150173606891413,-3.641752721218909,-3.883865933186203,-3.427173060951315,-3.934769739100627,-3.2929804092117485,-8.808138205368929,-3.256229791982212,-3.786958111786146,-3.990175062895323,-3.957185270226934,-3.9488405684651067,-4.00646762455801,-3.999456052408714
65,-3.826638294361906,-4.00957191046759,-6.041893975847583,-3.991116547083331,-3.41435437487522,-3.987551256815769,-3.5097896069115375,-3.854927478407222,-3.4268186042618574,-3.617248540144112,-3.5810150608612954,-3.587400167090123,-3.7209775546279187,-3.6397754853525504,-3.7844884713764433,-3.6401306009896506,-3.8893939558005375,-3.424819949261426,-3.9324916415794395,-3.303027843817496,-8.821688777639071,-3.278244410928462,-3.801559838319402,-3.98106845667223,-3.944774476976934,-3.965096460132536,-3.9990683914594363,-4.03230813267661
66,-3.77427722818977,-3.994459227893627,-5.958771547379831,-3.9868567618970663,-3.390198858369656,-4.017248732396549,-3.489205892426295,-3.881505083815725,-3.4040020606070147,-3.666668330172108,-3.5547469229349953,-3.6453963136964904,-3.690884877221804,-3.72149425476099,-3.7817585809321375,-3.6875546249284414,-3.868599439047467,-3.4683812475810654,-3.9275551952292616,-3.326209262857604,-8.838932194927745,-3.305984108696926,-3.8020776425173484,-4.004757025573944,-3.9643489904335216,-3.9581116326423667,-4.007899315481215,-4.022742179011713
67,-3.6787589078302942,-4.060658443602422,-5.739219987450381,-4.023496598560985,-3.2149986382135816,-3.9822003603147267,-3.3195050338353282,-3.896897726393012,-3.3012209627090603,-3.7866974156879056,-3.46929474073805,-3.7995139503730657,-3.621616519894465,-3.792659061380514,-3.740460470728834,-3.74860751410307,-3.8419120835966747,-3.5269021756287215,-3.8892663326002035,-3.3775279152485775,-8.700739230313532,-3.344571898384844,-3.803258681763854,-4.026020314770891,-3.9770979028482403,-3.982281751261854,-4.00922002764292,-4.015100665416319
68,-3.6853095950007027,-4.053253522211947,-5.752351586635478,-4.0079702569518565,-3.194493157120938,-3.9612428706978444,-3.3463581079414904,-3.902102599943041,-3.3085114584874176,-3.842065482125976,-3.473206014908544,-3.945332251879571,-3.5960824802429237,-3.8835675592441046,-3.7265387796045126,-3.8116161134829922,-3.82596428125315,-3.5824947674603385,-3.8605442859461627,-3.4446050303220273,-8.6778627455435,-3.423427443726658,-3.8096544139098354,-4.036028604440045,-3.956057887062988,-3.9929465563437945,-3.9687513951126037,-4.040678844335917
69,-3.640979284529609,-4.067290830449942,-5.531459891356487,-4.017778991232337,-3.0785525965506486,-3.9813762544491764,-3.2837553948573484,-3.9515343847174003,-3.290545517251307,-3.9103728773971898,-3.459016335933232,-4.031097014672312,-3.5800245938938273,-3.992980447458766,-3.7099165785833756,-3.9506679508484677,-3.820718148417066,-3.6896221679677477,-3.8629349242131554,-3.5612353199914426,-8.654919220566416,-3.5105394451795573,-3.815031543686812,-4.020727025544577,-3.96098727496108,-4.0089387479326,-3.9817644661466804,-4.119514596452437
70,-3.5988373923165344,-4.092346818021373,-5.351158853607318,-4.069951692199534,-2.9313928989728497,-4.085291851076242,-3.1173657289671235,-4.172298749714569,-3.17792201400308,-4.14495035129856,-3.3626961521197996,-4.1886953576358446,-3.488901271005315,-4.091643881179274,-3.640323125794533,-4.028355132706572,-3.749518159759987,-3.7621494631919705,-3.813942470398908,-3.6204318235815376,-8.569532531309514,-3.5588366485564333,-3.776594697643216,-4.042613309141678,-4.0054287128982065,-3.945053104428247,-3.9940646122128785,-3.9695460754036507
71,-3.4153533257088813,-4.0886717105977635,-5.2133255772987175,-4.089843579821492,-2.9249107864639634,-4.088302931060831,-3.1040647472139753,-4.215996670116186,-3.179758049850482,-4.154207307755563,-3.392885495042491,-4.306560451788445,-3.4971248122854135,-4.245007771264485,-3.62911163389652,-4.123119315440646,-3.755760004849829,-3.849019159393026,-3.806587818982889,-3.6787574574963275,-8.572415260212619,-3.5954322708109796,-3.758637799288271,-4.0625375930132925,-3.986082805033628,-3.936902407296988,-3.976829156252978,-3.9938538828201664
72,-3.3261456912497125,-4.171625977461216,-5.048644888953523,-4.13390764014757,-2.807526073727706,-4.120277221578354,-3.0235601598377193,-4.256930109749644,-3.1457141341133514,-4.2571096322209065,-3.351089591303167,-4.30275525748455,-3.46714319256189,-4.228523677642081,-3.59829550284827,-4.12026291230006,-3.7151225357803237,-3.8463588918075815,-3.770189981915954,-3.7247252989028943,-8.497623740484862,-3.607726567198362,-3.744123448548327,-4.088893717219838,-3.9950667493743586,-3.942750028198094,-3.9710449561835954,-4.016820206856292
73,-3.2717728390137895,-4.137274957429879,-5.09641273837808,-4.086414972232547,-2.832878046628149,-4.139678600428197,-3.0936483853433874,-4.36568672974589,-3.1948592086458714,-4.4542184198304104,-3.339766978545554,-4.383832567401025,-3.475706168302135,-4.295009953468128,-3.5797166823880033,-4.216740874565218,-3.69758421883613,-3.9128104508983363,-3.768244959531347,-3.7497113917741105,-8.497393324983323,-3.5991360918800646,-3.7244615493943694,-4.082680357559962,-4.01891899707919,-3.9654697963851535,-4.020145270163874,-4.04827817291935
74,-3.248112501358823,-4.158687098459559,-5.1124151127186925,-4.144362121148838,-2.8462098202094737,-4.18126359829379,-3.081105463413684,-4.356419657463653,-3.1874584133787853,-4.4696403719827495,-3.3486594814249973,-4.424778376696306,-3.4845749646045316,-4.3458824621542105,-3.5924015774866636,-4.259162607695156,-3.69833860957602,-3.947399471733251,-3.764182124930189,-3.774895949081634,-8.456772029779462,-3.6350423774503646,-3.701310775862515,-4.120335105323479,-4.0287675558656755,-3.955757321206721,-4.009048692011131,-3.985123594154135
75,-3.2293603535629543,-4.140834790351632,-5.145565428197954,-4.119417009188017,-2.892488386606694,-4.183307900674019,-3.1026594734594957,-4.380308596153477,-3.197667768390003,-4.471227914966236,-3.34960107084351,-4.427558508630904,-3.4755977470037,-4.326284418703785,-3.601054773840064,-4.247542764707511,-3.7163064728489785,-3.927042590784458,-3.79490432756653,-3.747928248160014,-8.564250439029765,-3.623960004562866,-3.7002822044432646,-4.1044278374278615,-4.014216618365341,-3.945415333748205,-4.002327337955752,-3.9499999514325927
76,-3.218677201427704,-4.16122274673939,-5.249062689290436,-4.146341292916447,-3.017495736943568,-4.251356669719604,-3.1789177700852997,-4.427808147180309,-3.228642182401884,-4.463767427789985,-3.360339971723319,-4.369312001169362,-3.502333977830596,-4.218769806732897,-3.631152019151893,-4.1442720375845585,-3.754490456811484,-3.8806725516117213,-3.8169864702179503,-3.705710528911516,-8.568121306782983,-3.6278253808006027,-3.6978793701272,-4.123215372836694,-4.021384808513673,-3.978386800779902,-3.9904918748909193,-4.0055483716600575
77,-3.2413542258364316,-4.172035495013575,-5.217377480084138,-4.22107878838667,-2.942459010877402,-4.305300147867222,-3.1465045399352447,-4.499349631014831,-3.2042659953927974,-4.43679255647872,-3.391636050021129,-4.321311030242642,-3.513604520099545,-4.214882628951529,-3.65331370361068,-4.122326493656481,-3.780555268381632,-3.836774344403795,-3.841636303875348,-3.6456268699691443,-8.61441454152103,-3.5915902707230476,-3.679708137192019,-4.12432616319947,-3.9904802698642805,-3.9066188179688677,-3.9751304024037086,-3.963952744579514
78,-3.419008337464161,-4.085653081693203,-5.628636468590369,-4.160161018192065,-3.228134800200295,-4.268146166935227,-3.3707972632058456,-4.412070584828365,-3.3472201413179112,-4.4339655573089685,-3.443091337084272,-4.209763096419799,-3.57237776164796,-4.00714291525055,-3.695652010218684,-4.000050179123214,-3.819062903571019,-3.702959384503852,-3.8673780101221187,-3.5262917777804508,-8.600135540782704,-3.563449022647935,-3.743071127332908,-4.1009094332894875,-3.9491039348367782,-3.9448592705389327,-3.9712227818014356,-4.034366761260353
79,-3.4985551013740763,-4.012288090340159,-5.926915138168683,-4.1179275053883355,-3.4071928006095575,-4.240717595778938,-3.5027784728826457,-4.335124105673567,-3.4483415967142528,-4.282898856072555,-3.5701419099276754,-4.24930121637844,-3.645782276168794,-4.093329511644334,-3.752956267622915,-4.045048349226935,-3.876789157419826,-3.751884972395457,-3.9307697113298308,-3.5661988630980503,-8.831297498407354,-3.5163824436907873,-3.7767295730288635,-4.083949059697777,-3.9131106867943037,-4.0076987126444,-3.9691943366606934,-4.119637133868136
80,-3.590868184740903,-4.005014464653495,-6.075161642072009,-4.120827308844456,-3.4884612800181336,-4.213370107373218,-3.5779598307433345,-4.311596820490041,-3.478955498778537,-4.27076888470715,-3.60122833745652,-4.196534668360849,-3.6967182067160342,-4.118166991724633,-3.793185113433045,-4.059488742226901,-3.9372937407867603,-3.76368436758173,-4.025088803099319,-3.5307410799345735,-9.143543178049917,-3.4409507250903957,-3.7862872533462246,-4.064097602717848,-3.901619424417191,-4.038971177267357,-3.974078051165279,-4.135222687858994
81,-3.8197871503662584,-4.034861963891943,-6.469152290623125,-4.144811255231695,-3.650770666496016,-4.190540086499265,-3.7569202613703605,-4.283998457451394,-3.6476626440078443,-4.204855050035161,-3.7325789579139186,-4.12386279719893,-3.7958169212259176,-4.054923806770302,-3.9070081674347104,-4.0419054328265585,-4.022432507812209,-3.7455548773437313,-4.102405432244049,-3.4189498445528903,-9.39390905649711,-3.2730621782517164,-3.8371906899267882,-3.9782008076798503,-3.9347151923654113,-3.9793871412955513,-3.9860001555439126,-4.061804294802427
82,-3.8983720882453166,-3.9591160656242743,-6.676114300047525,-4.0587699308006115,-3.817039930050296,-4.184190205308271,-3.8568601787730583,-4.28495501219279,-3.705025674222002,-4.229926576801709,-3.7690081697760887,-4.126654193555169,-3.8574351508271922,-4.094757183683768,-3.9576621066590123,-4.04630507931422,-4.073819672055079,-3.7517720860406794,-4.147314873697156,-3.463866293695355,-9.432707872122796,-3.2743951382605907,-3.8481026950404766,-3.99190488183742,-3.973056756230832,-3.97128158847123,-4.010125056197955,-4.013529775923259
83,-3.9059621739360066,-3.9803957386670743,-6.688122684957473,-4.06470092340929,-3.856567381004436,-4.135421614764116,-3.89769612073828,-4.2217578548671195,-3.7939652592367046,-4.169781037626519,-3.8701937226629917,-4.111096937164127,-3.933943348596242,-4.0930783501157455,-4.013532030739574,-4.06368106410329,-4.128124768372923,-3.770199106205997,-4.195437978669425,-3.5385855316944843,-9.477592699149735,-3.35233589694004,-3.8346638288973995,-3.9931332047085584,-3.955425071024772,-3.9522020278912566,-4.000797972742455,-4.028538801417304
84,-4.005098358661459,-3.868371977762452,-6.924975097602604,-3.941503071756312,-3.977125381379152,-4.0644987871068565,-4.095372696431044,-4.160479612604607,-3.9416403949517713,-4.17445311947834,-3.991069896456172,-4.166923047446691,-4.027009357060061,-4.177935991308006,-4.113000499379988,-4.083204495392291,-4.234936832349039,-3.7657740777771385,-4.303589351196303,-3.517517938319509,-9.669001504083651,-3.343611398362861,-3.8351089176700395,-3.98657445810693,-3.9908017863882375,-3.945939151023948,-4.035677104784966,-3.993025851299656
85,-4.022541243079467,-3.930943368131449,-6.930717663937408,-4.031465001277892,-4.061646458422185,-4.147161945017404,-4.13543980918517,-4.212646850245295,-3.9899532877385893,-4.166917671179447,-4.060889855263976,-4.167051316506018,-4.119716817278599,-4.245687784629902,-4.175309764304789,-4.152578427987817,-4.274929385333276,-3.804410672407626,-4.333841497283238,-3.5457738638923666,-9.688822870846742,-3.3711188930432634,-3.8319560589268242,-3.9687174484774954,-3.98352312482254,-3.96325987507408,-4.04523782773836,-4.019309524324066
86,-4.071647542406551,-3.9031196202323812,-7.011408747529154,-3.9660838446582183,-4.105172257719439,-4.119542956530507,-4.215396208463185,-4.243827939378907,-4.021170618134208,-4.258624811744416,-4.069808104729082,-4.169110888824055,-4.1211282714463735,-4.23300412743621,-4.188156877532666,-4.147679955367766,-4.2954154639586095,-3.844165921225633,-4.359193005439116,-3.568792150134342,-9.779204900573415,-3.3644333141990663,-3.8419523774549025,-4.006802307536952,-3.967405153459659,-3.943577315537146,-4.0128988762368385,-4.002731618147055
87,-4.066104205028402,-3.8538122220363795,-7.1153876038875055,-3.8806929260151724,-4.121318944293119,-4.0319947747868286,-4.240102234406894,-4.145142976802609,-4.093808196223313,-4.182793472108972,-4.127634200510217,-4.147389086848063,-4.166404873853711,-4.221703800620332,-4.224409660102356,-4.175745160641244,-4.315742849079149,-3.8726033649652143,-4.378795557163347,-3.5867439346678425,-9.8160443393914,-3.3908951157781964,-3.8426024181722567,-4.009893124083553,-3.97265925069724,-3.9686453042612952,-4.041849406020296,-3.997454875793643
88,-4.133326412062031,-3.8644467832839657,-7.021261638016017,-3.9426692362888747,-4.057021324364416,-4.128454713617565,-4.147966971035385,-4.2710325474668815,-3.9710706161214477,-4.213341242869746,-4.045525028557358,-4.138494554173239,-4.110285152958794,-4.190395027237729,-4.171651886142468,-4.11627167970829,-4.266396328193967,-3.80910785321118,-4.33146933161341,-3.5408542093050515,-9.727287612163353,-3.3212596433894253,-3.8458540877958276,-4.002491099760882,-3.9815652903390166,-3.966933761767294,-4.05196794327491,-3.9878563794052324
89,-4.047324742975693,-3.950824507472059,-6.726147882473959,-4.0163104532352785,-3.8731230467365925,-4.163027324891163,-3.989582374853856,-4.224066085319494,-3.855041562511105,-4.197905931309411,-3.93819781156486,-4.100981486530833,-3.9651624211332113,-4.061304798440549,-4.022620309243018,-4.022003205443276,-4.146361694693482,-3.7237400997510735,-4.22292122453818,-3.4687950572206363,-9.528628887695723,-3.281482786881432,-3.832882007770037,-3.9949744271631817,-3.9843382506275677,-3.9393330341086483,-4.03999813749879,-3.963471433681129
90,-4.087180978176399,-3.940763974167618,-6.643799156105278,-4.030448858710765,-3.7879204364070374,-4.1233196610936504,-3.8874793865412256,-4.1762776212932975,-3.773978305189604,-4.15379390829703,-3.8531741261150114,-4.094472831033184,-3.9078111792891996,-4.024554947149321,-3.9779590640293265,-4.030094788843275,-4.060268976862904,-3.7494052646384546,-4.126498530242265,-3.4318806720677486,-9.424270946570157,-3.2630530303752603,-3.839172478473742,-3.951958971219168,-3.9963416406158294,-3.958504316455099,-4.0314245414239975,-3.943398599703575
91,-3.974594525002761,-3.8998583287323862,-6.461653019194041,-3.942798292451687,-3.6199519265951774,-4.027853621623562,-3.7778370388688143,-4.102132846921942,-3.693310323467789,-4.132955829486444,-3.769136902704401,-4.114124159637938,-3.8374826659829364,-4.034712747939534,-3.902078486636956,-4.011758251983026,-3.9876106187604607,-3.7592001248634146,-4.071161165592434,-3.404323374434099,-9.329545950825507,-3.2182009520096284,-3.827081193357709,-3.944108448613051,-3.9850652547239442,-3.9474518435945303,-4.00870796774337,-3.952532659198385
92,-3.8237061999376576,-4.019004490807678,-5.94042520620723,-4.033999067954923,-3.280215129551164,-4.105024058849144,-3.4182067343261346,-4.223279258427606,-3.3243383621677896,-4.187976922411294,-3.477351950816931,-4.010967129832051,-3.5997177244466894,-3.889868930120495,-3.697502359592429,-3.895991618477421,-3.82871964197453,-3.633970945238689,-3.899873013698725,-3.435146640371463,-8.758609576436916,-3.412113906691089,-3.7775924822896547,-3.9603250505337453,-3.9778705642067083,-3.950558560145813,-3.9882404987292714,-4.00658973881249
93,-3.8064949404176542,-3.9939797641181065,-5.843423385061386,-4.012467654567849,-3.2174158174946528,-4.050699463522017,-3.389075803397758,-4.172081894212681,-3.31327665390904,-4.0935259078818795,-3.446780455001336,-4.02206694556936,-3.5713044237482525,-3.936667508187587,-3.677702058498279,-3.9426773797402777,-3.7821201295210014,-3.6853400705824053,-3.8405981439146575,-3.5131812557620665,-8.619649874664773,-3.4610692785524715,-3.7574904788881787,-3.9713950985989936,-3.9788338366523672,-3.924732075407473,-4.005424683799357,-4.011856035353417
94,-3.7485191556094932,-3.9666694762035815,-5.846974388129349,-3.973153047395962,-3.198039616046545,-3.9967446846426107,-3.379743734996047,-4.09865667030192,-3.323028502091523,-4.025335778525295,-3.443462455726179,-4.002111477580309,-3.5256692730956334,-3.948125134620595,-3.6395748595106245,-3.942321966120951,-3.7469754841305574,-3.718460985413204,-3.8053225881739663,-3.5577239624194714,-8.522946347767554,-3.5211776712207628,-3.7429535511815053,-3.9720364799866528,-3.9905482768350873,-3.9771994338497962,-4.0481070505722165,-4.104205454730435
95,-3.7059497042293494,-4.018185455702958,-5.629314156443397,-3.9825499201315817,-3.086733955317115,-3.9713392269944507,-3.2803018361052176,-4.072089310035238,-3.2413291986910475,-4.014154696222248,-3.380204198178634,-3.9524302909869333,-3.490306134212698,-3.9342177122985635,-3.571099117762408,-3.9360224156015566,-3.671213057210676,-3.708207579064962,-3.7268333753999427,-3.595493759655963,-8.33076967894954,-3.592678560363964,-3.745617046840704,-3.989885197445252,-4.015487678228176,-3.960986536760403,-3.992654013744346,-3.999244323824867
96,-3.6457217678972103,-4.010567178793792,-5.591839135797099,-3.980519964530952,-3.064743187396399,-3.9049431899726814,-3.3069952080725526,-3.9862541458361442,-3.2876987604079653,-3.9326537722713075,-3.41539389584534,-3.960576284675315,-3.5025590591279556,-3.9629659974689773,-3.5898676615452865,-3.9940146946876522,-3.6699551427187345,-3.7526349228299063,-3.735248922280856,-3.6046013174805966,-8.400047564169839,-3.540411047810227,-3.733784663823645,-3.9971610365595587,-4.007948802196713,-3.9457822208141162,-4.010365834680507,-4.018829820473756
97,-3.645580826331917,-4.023484956700194,-5.501112785452194,-3.99880493985854,-3.0475583684870196,-3.9459464826695494,-3.303736023634126,-3.97433460633633,-3.2619964044487917,-3.8768500406947117,-3.403097694341319,-3.8902092595284463,-3.4983566627825273,-3.8916293264529567,-3.566305400136542,-3.9235551917215172,-3.6606829079386793,-3.686357797951442,-3.7202321217544667,-3.5401726951280854,-8.35880093594224,-3.481389386372865,-3.749114717439403,-3.9961987842134863,-3.981155652106407,-3.942474504610511,-3.994930376352296,-3.998013324999615
98,-3.648330097330382,-3.9972246436551253,-5.512061965584361,-3.9576635124181045,-3.0673829081587836,-3.944325110176441,-3.2629983194977217,-3.9770632291081123,-3.2480403002679106,-3.8511279849777083,-3.3847602404157873,-3.775172261944526,-3.5055915600039453,-3.8483544540066603,-3.581452635161952,-3.893067873808962,-3.668267383601969,-3.7083560523326144,-3.7337887345233884,-3.5683378073496974,-8.418160814060894,-3.5142635255784733,-3.7496401450287125,-3.9935762950545017,-3.9532593842501904,-3.9323843937216583,-3.957467905361546,-4.01650924305383
99,-3.691588960553166,-3.9633476167449837,-5.619974357959201,-3.9321593123873377,-3.100792539906559,-3.90311473156958,-3.316905146055545,-3.9244950649174775,-3.2966926751387153,-3.8173372179259837,-3.4387272908144872,-3.7864348667429644,-3.5247066633304995,-3.8533411107991284,-3.593616806940231,-3.8920390449109115,-3.664993286029395,-3.6890912812346883,-3.723608912516286,-3.5306701406298022,-8.367328562951474,-3.46564009504432,-3.7489258918994954,-3.9874732573196527,-3.952164248523106,-3.9315739459256704,-3.957777802195558,-4.008727112751895
100,-3.6640623808900235,-3.9662279162473153,-5.63457512751233,-3.916819799374916,-3.107922153427564,-3.8998284787659836,-3.332039025053321,-3.9449723713807563,-3.2934909856993473,-3.8088224508020745,-3.4372858498257566,-3.7624972440197277,-3.521180499521208,-3.841270145324014,-3.59377371156618,-3.8862582735692004,-3.6671675660226977,-3.6814202596379753,-3.718510191504856,-3.5483238144662095,-8.34227918676474,-3.5212862404498564,-3.7691856408607083,-3.985914329202599,-3.9625060973091104,-3.946858160129477,-3.9687734610651835,-4.0199864933255505
101,-3.679052080853709,-3.9904793268718866,-5.674226979080835,-3.9527756849666007,-3.1488543974824927,-3.9108732489777953,-3.3713446633001136,-3.9495403386142174,-3.3201371104356214,-3.8010784473005823,-3.433539353803504,-3.795950759450224,-3.5364349477986172,-3.858709364810932,-3.5982604962384963,-3.905845616956413,-3.685362134302503,-3.6755139988846777,-3.7412488218401516,-3.512463581861656,-8.433553583617169,-3.4452971305441173,-3.7682312509035647,-3.9860365485901292,-3.970828809553398,-3.971066257292897,-3.980976581839894,-4.053900430608832
102,-3.703999466290975,-3.9915007761866463,-5.656414558398138,-3.9606644176335406,-3.1301937615953093,-3.9344663517656513,-3.3604938485715987,-4.023932703912925,-3.281985933581232,-3.9180048103093847,-3.3933316465911854,-3.8828361505119884,-3.5257757171059514,-3.8662684853008438,-3.5960438276981925,-3.9152653249338947,-3.6964653103089122,-3.6725489089717342,-3.7702542097153287,-3.4783478488919464,-8.515167430297545,-3.392258205046819,-3.787998704707161,-3.9790238957675546,-3.969558068972117,-3.9351038007824632,-3.9904584514627492,-3.988698070834378
103,-3.5790345561075543,-4.007191785075011,-5.521998678032056,-3.9848640788344336,-3.098304928614114,-4.032647392047515,-3.3349157648961363,-4.285844973512348,-3.306318344139539,-4.350019490600153,-3.4120295527159907,-4.118026009946879,-3.5111315917607677,-3.9625814872937672,-3.6254159360932845,-3.9629674444414915,-3.729717565484305,-3.6744825618033023,-3.80297088445792,-3.4552103183711336,-8.579689404358962,-3.379561319412797,-3.7952708336524976,-3.970756601444669,-3.9728249578232915,-3.93625569718569,-3.9798064373546094,-4.028429120386203
104,-3.4378733841883014,-4.057798072912275,-5.392079210849743,-4.089561706252894,-3.023169360985769,-4.175159790537454,-3.3716104833075033,-4.420320314527731,-3.349079352933373,-4.5085900970888035,-3.4240226801259275,-4.290006475766427,-3.512416829037052,-3.998935176586294,-3.6553234580825014,-3.992701223127808,-3.773259841602073,-3.7159203131907006,-3.8489679355933615,-3.497596138929382,-8.704734601308413,-3.418868055574714,-3.7855513028723595,-3.9995329579476477,-3.961729604572006,-3.972997072134884,-3.963389693135244,-4.064775726692623
105,-3.43902968772786,-4.029301434531181,-5.355420057288876,-4.0804439116455224,-3.084982624883058,-4.241510342113781,-3.3674745131134776,-4.6391541533010106,-3.3036342468535063,-4.74223315461981,-3.3876221573163527,-4.344742117360489,-3.5334360608206223,-4.029478813559642,-3.6742904768404356,-4.020112966167859,-3.812598231323131,-3.7051727738063036,-3.896330537950023,-3.462312805729389,-8.783901198749962,-3.399858570553381,-3.7864186102435515,-3.9914513361456407,-3.967103751673547,-3.9574133290374243,-3.9841641384896307,-4.046182180467868
106,-3.422088293065436,-4.093189298787488,-5.226262099920423,-4.105666704014417,-3.0414698466299233,-4.340966104941193,-3.4434212855013726,-4.844966075314487,-3.368308802709631,-4.846516322339373,-3.417910808498028,-4.4615679777746315,-3.50621737169309,-4.191074069617855,-3.6607654231072098,-4.068023345585728,-3.819142548619477,-3.728624257695227,-3.8988959554055818,-3.4618501820920473,-8.818849991056554,-3.347716250268599,-3.774599128350337,-4.027158865879508,-3.997235628964471,-3.930656011684593,-4.020820877711949,-3.9992692330700255
107,-3.4035273450674466,-4.097083232384114,-5.274988059757881,-4.089714057751954,-3.0573549285899313,-4.285855543718294,-3.4025774634964057,-4.802345602327762,-3.3301563383125714,-4.910485620958658,-3.397719232596433,-4.435995560439742,-3.5240788743532376,-4.178336684571398,-3.6652225146730215,-4.0450798376265436,-3.8252767088310673,-3.7207948451666177,-3.9052346139775085,-3.4523396227694914,-8.846747167635158,-3.3194051355049043,-3.800640633245471,-4.02750857917126,-3.9983125656430283,-3.935431634439991,-4.03297078060103,-4.020048766438447
108,-3.3315211369958195,-4.0716888457665545,-5.259094399960407,-4.0482040980920795,-3.1036311275245847,-4.284335030256384,-3.4414722890045053,-4.734927446571649,-3.378528028881319,-4.863003316184701,-3.4303567080072566,-4.550832705381651,-3.5343251813773944,-4.222292865030165,-3.6738897761821345,-4.060446176634755,-3.8479737578652853,-3.702503755340644,-3.932187554210718,-3.4024162940579696,-8.87554797860121,-3.2668602259734825,-3.7881022069052777,-4.036844121415246,-3.985643154335029,-3.931743774508915,-4.000414090067443,-4.025609956301088
109,-3.334582883092535,-4.047348341628684,-5.299207018307546,-4.028018223326675,-3.1315556444370687,-4.201964561299113,-3.4469289538597505,-4.602172606372816,-3.392855374532046,-4.727862884752463,-3.445259567405418,-4.442700434895002,-3.5436800610086423,-4.049390161597276,-3.6870675768487677,-3.98444253297346,-3.846490629846805,-3.6366151695437385,-3.9310402638298503,-3.3981196356218963,-8.858931584425521,-3.286680603658047,-3.799451384192883,-4.034487702781328,-3.9758670724610936,-3.9263346983037795,-3.9920897094570713,-3.967693550735493
110,-3.4069652995283715,-4.050688957616397,-5.332857217480494,-4.062816330706847,-3.0731530063005965,-4.2227231580365485,-3.360734452451805,-4.557817630875718,-3.3221431019154615,-4.6487518104540815,-3.4102493602216155,-4.374889343355238,-3.5518858066956844,-4.030240389689498,-3.6754694494481654,-3.9849027000805877,-3.8284592295127173,-3.620970345894864,-3.909669174072394,-3.373890412687189,-8.784452731209633,-3.2761961407355584,-3.8138789455542366,-4.032412136368312,-3.9721161527754405,-3.943092193381635,-4.0309887388605645,-4.025544067330024
111,-3.4227117865015697,-3.9947417481134324,-5.464687317357886,-3.990480118497042,-3.1552823542851556,-4.111078425903913,-3.454130784850465,-4.448874207793593,-3.36338352281604,-4.488042585402124,-3.4162225680953044,-4.233587711558189,-3.5473255212010146,-3.9567313009158966,-3.6885947402001382,-3.918798261016532,-3.8309789363454003,-3.614726884557271,-3.901708053081749,-3.3945925444298015,-8.77048865043551,-3.305045426414761,-3.8119420177333794,-4.028822707984087,-3.974534710540066,-3.9646987602857,-4.030507506394764,-4.022430411685213
112,-3.4264979066896815,-4.007331677521332,-5.624809615069485,-3.960325237537773,-3.218584456204368,-4.0340659164050505,-3.3966038680339055,-4.273514603825494,-3.32331004475536,-4.07262808282998,-3.4370633257639587,-3.9107929915502933,-3.5764391114410157,-3.8736554177324973,-3.678753819586564,-3.8683843979467407,-3.7832294925742453,-3.6351604815559515,-3.8376450861124307,-3.4524238114385777,-8.659398520450834,-3.419475835469641,-3.7801087878540804,-4.044047854696202,-3.970401291553817,-3.939774086821672,-3.991405664927126,-4.039929558171069
113,-3.443793294120752,-3.9540119451386606,-5.647860146286342,-3.9269910090874105,-3.2654309176848857,-3.9750882447647156,-3.444740929490626,-4.063272682488418,-3.3759130297185753,-3.9278295416062035,-3.4866015956203507,-3.804738098435242,-3.601237929460919,-3.848310112345041,-3.701153986574432,-3.8508871360542343,-3.797926837827369,-3.647575355317367,-3.8487780941332628,-3.4970504307366466,-8.63949208586199,-3.4753598981331915,-3.79735905647117,-4.0340803048228935,-3.925739230063508,-4.008587267257152,-3.925392771793063,-4.0733027237772
114,-3.5408437621939037,-3.9284616448728262,-5.766971152628307,-3.9188045620232246,-3.2965482538020074,-3.9685968219080934,-3.4471753364357696,-4.026688988567624,-3.3747761295409764,-3.791134965710469,-3.479893506630182,-3.677340759995581,-3.5836351219961258,-3.783479690101798,-3.674401122732041,-3.817716757082097,-3.7601768746345505,-3.639033329443227,-3.801585723864324,-3.5430748579699762,-8.561099549298467,-3.512054219686914,-3.804113088011201,-4.030570553384521,-3.9673505563140816,-3.97361762721121,-3.9596673616347737,-4.039595292171524
115,-3.538825420708476,-3.9182901354377844,-5.766892918798199,-3.968848535164102,-3.26562741707796,-4.045232452001865,-3.3839401188281157,-4.010483564739167,-3.2742156135678595,-3.614547713160986,-3.4109698968117974,-3.448822708487909,-3.515741968554411,-3.6407231669965023,-3.5870940128387643,-3.7672165347381354,-3.676258138501214,-3.6429808515083386,-3.7017356523097367,-3.664181224550566,-8.24669618904248,-3.7749808411723356,-3.80041427716347,-4.030844195022089,-3.9736110290069897,-4.003591655577468,-3.960406246546863,-4.014240091172295
116,-3.542567473895552,-3.9270123122376144,-5.715789463344421,-3.9831812237438955,-3.269478390876269,-4.072514678681516,-3.37951889119533,-4.0005717315316325,-3.2663877833152277,-3.476820009713586,-3.4143257803487144,-3.4090211464102524,-3.504853372440131,-3.6718905001883924,-3.550468034804168,-3.8812700122453205,-3.6329553941209443,-3.781852653388682,-3.664510527083598,-3.832325870763027,-8.135445500578736,-3.8804709118668375,-3.7961879862749086,-4.0107944470004435,-3.9784133428469532,-3.9906757260471695,-3.9796130357702424,-4.06169662258142
117,-3.5286976584623053,-3.9071698582383054,-5.716868480585673,-3.9512200224119756,-3.212924149139107,-3.993900290451878,-3.3758814648491553,-3.934705373256743,-3.2921811256230806,-3.526329233556221,-3.4348215337694934,-3.4293894009471666,-3.56020162142126,-3.625167982635757,-3.6110413469550187,-3.8083940084340977,-3.6701374016123975,-3.7792399322524077,-3.678860893143023,-3.9353175960404077,-8.203117801008368,-4.087188801941419,-3.7963046828042306,-4.020530537148695,-3.984028228239521,-4.023833502917026,-4.0382653112227445,-4.095896614422005
118,-3.528816020241946,-3.9183081104448534,-5.738859299012864,-3.9268582256707982,-3.2825553662988027,-3.925042954046948,-3.411281755398452,-3.90721355969304,-3.3372790243629407,-3.5081070010501207,-3.4651944130671213,-3.503382479757001,-3.5647249975377386,-3.708347437583522,-3.6065348710647047,-3.8559115622727123,-3.652524808948854,-3.8083786131932396,-3.653191372122099,-3.9502438330268315,-8.132762765570613,-4.094906048197005,-3.80624939683693,-4.008881118712469,-3.978494440361437,-4.019825333379578,-4.020550894292161,-4.057507048250569
119,-3.5087112704473604,-3.9795434888753793,-5.703785142529541,-3.9588408587120663,-3.2571607790721506,-3.9664722843321782,-3.413330040396103,-3.937517664686734,-3.3346103775889473,-3.539795145721193,-3.466945916508901,-3.510104432528941,-3.573059266952409,-3.7097786699023567,-3.6099570797290848,-3.851024001474308,-3.6845295899944634,-3.8445252907064735,-3.6694989808996406,-3.965713293950181,-8.179997380022769,-4.108012016452613,-3.790686536577248,-4.016446823276848,-3.9832191687840015,-4.0181395876324,-4.00358801774647,-4.048563423952616
120,-3.470628640990797,-3.979562245404495,-5.659569820208602,-3.9700985629071566,-3.2662328956295115,-4.0125823777234935,-3.432936104617014,-3.9754878678006995,-3.3550393879527434,-3.6033532714499446,-3.4904808704629495,-3.5596271904824683,-3.5868782040566156,-3.714752703886042,-3.6391744714113385,-3.8319710255814163,-3.691783255325392,-3.830656895741302,-3.6854880084245303,-3.9563352282707784,-8.200383236596474,-4.069561886313546,-3.7749380760586195,-4.019327090790063,-3.9729724659008165,-4.003790147212736,-4.0159537126717995,-4.092726310332559
121,-3.522864789961652,-3.9589296726161867,-5.726134617346714,-3.9657004034235803,-3.2793811908618813,-3.983546559988828,-3.438267214172326,-3.9980486946057345,-3.3365678716282177,-3.6485247697353174,-3.466599441027558,-3.572222994087343,-3.5835810761209186,-3.6967114735187456,-3.6248974006860126,-3.8374808719799742,-3.6751469856716,-3.867368880116442,-3.663713647661266,-3.981225263250709,-8.188045585047142,-4.0579408230405445,-3.7760068168862038,-4.022244132278288,-3.9735050275313646,-3.9980227828572974,-3.991834004006599,-4.085060289254025
122,-3.511955475779767,-3.9751247632245357,-5.747735790659007,-3.9779327844872765,-3.289442906772316,-4.0057024922117,-3.425618699710043,-4.02821312416593,-3.3389627009943936,-3.6900250284845444,-3.4721132562513546,-3.5847911816907754,-3.59906554891598,-3.7092698736099075,-3.629249159863488,-3.8446723859773453,-3.6824122845489335,-3.8453496236227522,-3.675745844873345,-3.9437036155667053,-8.183533046740742,-4.02768039711812,-3.7924932803302185,-4.023499494836933,-3.972573044677907,-3.964871813462298,-3.9999341555988543,-4.048025464609597
123,-3.4897169362408436,-3.9651884919254865,-5.764593149000106,-3.9738015895570995,-3.2961537753517547,-3.974601465743,-3.4571850882555286,-4.026998391850633,-3.364495530502019,-3.859318786457722,-3.4749394957403594,-3.6432128327404065,-3.612671268451531,-3.738455102161241,-3.653097725330739,-3.8334506685966114,-3.702631686495159,-3.8088870393337477,-3.691514338007462,-3.9263756552697155,-8.218419869108047,-4.050560972547141,-3.8265798087719287,-4.0376448566946115,-3.9739750099775066,-3.973348552810332,-4.0096496647196025,-4.019602007073669
124,-3.507319335918796,-3.940459962091534,-5.846478568530735,-3.971069512521963,-3.361105998680277,-4.019682910023423,-3.4738156494688237,-4.073791028091784,-3.3691590100527127,-3.944311340126199,-3.4593510415468445,-3.701809264009688,-3.6070752135313846,-3.7474752318522433,-3.6404203316484574,-3.8676012409188916,-3.6952041145602936,-3.764743807479793,-3.691497854766915,-3.8643534487109648,-8.218081851257379,-4.001657807420323,-3.83119489261999,-4.0293512437425525,-3.9632845057355337,-4.002999046976866,-3.987042122804658,-4.0434968031349765
125,-3.5565589288192596,-3.9054677032210545,-5.836032320163558,-3.979316527460393,-3.334435053197105,-4.037728766095441,-3.4536690145214233,-4.160337205133289,-3.3529183759943844,-4.021916883362402,-3.4479596486246766,-3.772008049568827,-3.5953383608147576,-3.7348805816435533,-3.640487219277847,-3.8159474831437827,-3.6967770296933278,-3.6436739212213887,-3.706063071341063,-3.669898877309452,-8.240573559040739,-3.7464876521751607,-3.8153810468600575,-4.009036506783341,-3.975902831995039,-3.9559522299604866,-3.966483144987219,-4.009498094065752
126,-3.5465466148319993,-3.8821963212427795,-5.857788437100417,-4.001104189546194,-3.3414282416876775,-4.11139286876588,-3.448031634088032,-4.266831356310629,-3.378302279733181,-4.31829609193576,-3.48663102028968,-4.058017528919678,-3.638457082790017,-3.821117669272466,-3.73579865300765,-3.8258267346957275,-3.8299363916099645,-3.6543158666511886,-3.878569562066275,-3.554138353201651,-8.697779320667863,-3.5276679293465905,-3.810559251823121,-4.008158257733123,-3.9805164504371295,-3.9757512331462688,-3.998222097278177,-4.005496946121666
127,-3.5638926246857467,-3.8642826636542034,-5.927872232557817,-3.9553395696740288,-3.375649025297527,-4.111348513393617,-3.4714169653705227,-4.2836661733516515,-3.389846387312286,-4.3181951541864585,-3.4843811365111472,-4.072510842518339,-3.6577155395050784,-3.8477741284644456,-3.7581206802415608,-3.8124263941817897,-3.879413267874084,-3.5883779842290697,-3.9203989110874184,-3.476972951315814,-8.806619941856352,-3.441255134507855,-3.7935016204416208,-4.0075871795329805,-3.9725583577264647,-3.9917219274460556,-3.994996898709335,-4.015756742792832
128,-3.570831538493374,-3.8765216896632295,-5.990910411198389,-3.932713275483309,-3.421833780990523,-4.063725534534346,-3.5037366857156065,-4.271905433550071,-3.40548230549661,-4.329784069528039,-3.5072698511650664,-4.074707041369824,-3.6702996601799938,-3.865665827096939,-3.7844762815748254,-3.820104887190905,-3.910988204294868,-3.581964464119292,-3.965663878987508,-3.4658857176397406,-8.886970728501403,-3.3928488424318894,-3.794515238285506,-4.01496937475148,-3.9568232049457346,-3.986651433542958,-3.9580876990295706,-4.043346945902006
129,-3.640241071214747,-3.902710493441045,-6.052052689488512,-3.9524914818643784,-3.4861142368156135,-4.071723909974736,-3.57607650124434,-4.2302292211345565,-3.464478798178092,-4.263005955377664,-3.5343000880269764,-4.03000618261537,-3.694367211144493,-3.830792566711321,-3.8120721170829253,-3.7704666987569757,-3.9343274847497995,-3.5448691911907226,-3.9845783975157794,-3.3767390260149726,-9.009128689643076,-3.2602842552983704,-3.810502076387901,-4.0006246402645855,-3.96372607212345,-3.968667876414765,-3.9933838126759604,-4.004879036136928
130,-3.633362248772169,-3.9246779058847543,-6.207049655304159,-3.9688760236608744,-3.5478777839989917,-4.033885387214756,-3.612860001436831,-4.181309010441816,-3.497945894799068,-4.151893903604312,-3.595694292772559,-3.9786894746734616,-3.7146377098276244,-3.778628647588298,-3.8174115627504395,-3.6903854632297426,-3.9316824935712265,-3.463058087146112,-3.975442419345419,-3.320883018402865,-8.93252933777734,-3.229759678883151,-3.8021465462469735,-3.9691374649567672,-3.982859019192121,-3.945073526852815,-4.033082083861832,-4.011006308683897
131,-3.8701932441288345,-3.876726839200433,-6.585156804295477,-3.8549553067152025,-3.643300730230982,-3.8960317154039195,-3.609262500625363,-3.912169476296807,-3.508832068073809,-3.846234730704626,-3.5809922567425665,-3.7513127634358936,-3.7112700586157414,-3.616816861810207,-3.7937499075746586,-3.584532999105349,-3.8972680769396804,-3.401883308825169,-3.946982399377321,-3.2976110620399357,-8.917587258688618,-3.2124618474975315,-3.7904601804952467,-3.9543049345072503,-3.9718351850087252,-3.9805304387831693,-4.019939537606006,-4.017284643749893
132,-3.918796961130065,-3.876408368966489,-6.639948426025854,-3.8801548037478493,-3.6552368846289656,-3.8544416322090225,-3.627996507114522,-3.76579167101798,-3.5123955570034435,-3.627880773435335,-3.6221382430980973,-3.711600226626043,-3.7197720679723676,-3.5515896302447363,-3.8008993825028763,-3.5627168382053607,-3.9085714096034514,-3.399149533845916,-3.953018959937144,-3.294556531508419,-8.923496374081356,-3.219316773560315,-3.8542011149233115,-3.9668985788312106,-3.9384252440122696,-3.9785670197195055,-3.9893064789384116,-4.047530895564595
133,-4.1002135205899775,-3.869675165774971,-6.873990008917759,-3.857742826650609,-3.7097145657619053,-3.8336844480630603,-3.6512841259041777,-3.689914101659888,-3.51177839488363,-3.545848070827233,-3.597328097537025,-3.5437247340734075,-3.69931240872601,-3.4406471165350916,-3.7838674166119777,-3.5002239003397944,-3.870310166960979,-3.3564633235478056,-3.9441526816853973,-3.2323066015004995,-8.906974624903857,-3.162862852311521,-3.853302141157228,-3.9670734354770874,-3.966295969344239,-3.9735911138880877,-4.012804446939772,-3.985449423151289
134,-4.17600402789926,-3.8665197705122756,-6.963187243492338,-3.8418260552059675,-3.8028748096453304,-3.698365530391998,-3.7618216460915925,-3.491809258333967,-3.6409326584718213,-3.2748424600789923,-3.6993489432244915,-3.4514458652564173,-3.72710879553183,-3.4319321998872048,-3.794947321164324,-3.4965562812014124,-3.865732515599033,-3.3717750303564844,-3.929350447479928,-3.249566658805374,-8.84049327403474,-3.2026210078996704,-3.7924739286444513,-3.9923490537708637,-3.9817191840476043,-3.981156726469901,-4.03715065611821,-3.99676505040756
135,-4.1151180000723215,-3.852940434193522,-6.972562094796518,-3.830989064783512,-3.8078627573415176,-3.698385871709214,-3.7607767528214393,-3.4600059475870655,-3.628819027851692,-3.2292341833710947,-3.6882006716326496,-3.4229439715580816,-3.7140962624314873,-3.4093373721671973,-3.7836905082090158,-3.4872329090207477,-3.883279781425077,-3.4000736267966496,-3.918835276785825,-3.306964009132825,-8.815622483945774,-3.2713084475463545,-3.7769726419303913,-3.9985357342723997,-3.9769411356056747,-3.984009775010769,-4.029550557951308,-4.002017285277833
136,-4.203252730522816,-3.8497783959934315,-7.012821528578082,-3.8620659751514674,-3.8039709448139254,-3.7082429350102353,-3.694848137629031,-3.418570496004356,-3.559588287667373,-3.1805762506935182,-3.6697366916290055,-3.420516307010304,-3.711740653187673,-3.4016516999277,-3.7827490804533195,-3.5015885015782082,-3.8600535551775077,-3.439617979401469,-3.912924329886726,-3.362854244269414,-8.809140428296155,-3.3215843121367152,-3.7416772195429653,-4.001202207989729,-3.9647321282972245,-3.9763925689353123,-4.005100833495332,-3.9956027528875033
137,-4.192840535815419,-3.877178949704326,-7.018779491951629,-3.8504066593594657,-3.7955137766583857,-3.669758857946936,-3.716783016262506,-3.37956211851915,-3.61499253629959,-3.1693057345758344,-3.6628722840830292,-3.3348965282251313,-3.706594431314225,-3.408806243213057,-3.7794662731100015,-3.508406519508954,-3.8376357112569863,-3.457754470343639,-3.880183498670918,-3.378385259531145,-8.701077811527286,-3.3991354683194164,-3.756870345321555,-3.980401838242897,-3.967880563692204,-3.967205702473375,-4.0228535413436255,-4.023852247469341
138,-4.204244420141153,-3.904632646914382,-6.909780462157278,-3.8953009654694144,-3.6865693639068775,-3.7605667357745127,-3.591493536336944,-3.4529412392917154,-3.4998639041964585,-3.2378380132149744,-3.5756384381582422,-3.2714422242812145,-3.67624833148107,-3.415017636119155,-3.724006739017231,-3.5574785402826214,-3.8019955961081555,-3.501161461475482,-3.8537659795617003,-3.4424249578353194,-8.655155269698797,-3.4658468441025945,-3.7502893061239857,-3.991604921570679,-3.952817179299166,-3.984102929929848,-4.02079134827541,-4.025223059477095
139,-4.210731738235692,-3.896477464359279,-6.842870724950044,-3.928856965520856,-3.617612577646001,-3.805202083667653,-3.5679963084900774,-3.4827873864459904,-3.4627273109660193,-3.276147600021237,-3.556395440034126,-3.316223024092473,-3.6619709930816557,-3.387998675751893,-3.7103047768810433,-3.531903100942425,-3.775706764195716,-3.5130594499121806,-3.813974584298596,-3.510389228261047,-8.597436468245132,-3.504794107027512,-3.7429731960746326,-3.9813283982014602,-3.9636836076768907,-3.956812479809365,-4.001320741118993,-4.026443210727842
140,-4.1165299650559035,-3.8915062026215685,-6.740565767748908,-3.920783267884109,-3.5821180991750206,-3.7873689638715202,-3.5332038316730925,-3.482441442157152,-3.454024380878686,-3.2697818421112967,-3.5361255209504443,-3.3085308775856777,-3.6119030920179367,-3.409733857827662,-3.66401728710796,-3.649826845704274,-3.7226252783227234,-3.660666380423416,-3.763834555909677,-3.664281698896623,-8.453414949159258,-3.696460613712723,-3.7547762583556814,-3.961878931242463,-3.989076069593808,-3.9652433582741615,-4.013884056119624,-4.020398701156722
141,-4.153470858576556,-3.8735558134968073,-6.713382559857105,-3.9264510231931875,-3.5911851848744254,-3.7931012600703657,-3.4753990121215343,-3.485728083653477,-3.439652829596289,-3.2945639150379393,-3.523095173946677,-3.2957581135505127,-3.6113151783510418,-3.4287554596770375,-3.6714524409766507,-3.633892468437805,-3.7411256000657116,-3.6365550801662603,-3.7819547527598405,-3.6697470616766723,-8.483272629271726,-3.7682942233881467,-3.7643764537402573,-3.951947434285832,-3.973566329589557,-4.014797117478216,-4.012422186761275,-4.036181520298754
142,-4.035495120433346,-3.8803214498532546,-6.54365121736288,-3.8804217683012485,-3.566665966931981,-3.732660708700232,-3.5714341071627187,-3.4956525525359243,-3.4898348051590387,-3.358499444042569,-3.5814693041940546,-3.4088703485076435,-3.6850792297612167,-3.4923252193508847,-3.731620364083964,-3.703826956899602,-3.787386546489277,-3.7405435399404494,-3.79774257107253,-3.8962261747134677,-8.47724689772051,-3.9962399951005443,-3.7540326844904537,-3.9299108100261924,-3.966612058081794,-4.0053361605812965,-3.9977509242907576,-4.036693365110559
143,-4.000280123754889,-3.840165284060605,-6.574060300717,-3.864757984208258,-3.5332066184702957,-3.7422719810848903,-3.5707285809375726,-3.5782765477834464,-3.483292800852834,-3.4073492326627495,-3.5861982163635138,-3.3140889612442326,-3.710343040036719,-3.4498284297843895,-3.753369783200864,-3.6771887061310857,-3.8002556351806027,-3.7351777918884483,-3.8054612747496073,-3.8958460835746727,-8.492851491796532,-4.012211879322232,-3.7371791254315867,-3.951221689073151,-3.9470889489552534,-3.9953331137129675,-3.9787203381887064,-4.029174790692883
144,-4.036251179062677,-3.8863594891844215,-6.48592836706281,-3.904943371049085,-3.5764305662902367,-3.8075998164345135,-3.5923729487724576,-3.6347867010422523,-3.5047806004722495,-3.4157014603227123,-3.5958918058654277,-3.3055094690069047,-3.735997035167381,-3.4292244455725567,-3.773455450676472,-3.6613968060786806,-3.808563777089433,-3.733067954668545,-3.8240816526922465,-3.877712672338684,-8.507830189485741,-3.9834116835576188,-3.7463263154448,-3.9641221437180207,-3.9578385202845476,-4.008006123877361,-4.016483295533692,-4.03635387620477
145,-4.074103640381602,-3.899464050859933,-6.6988082069219335,-3.882306826910417,-3.728028960248641,-3.81700343787259,-3.7695745545284565,-3.6438939491120745,-3.6487716474275933,-3.3719330709715516,-3.687426067212577,-3.2658986753602606,-3.7757665606198523,-3.3879465662079458,-3.80121881781706,-3.6442786520467894,-3.816961407816757,-3.7217262305175303,-3.8225097767703793,-3.866974062561156,-8.502420777148906,-3.918712474802646,-3.795728237134263,-3.999442465126792,-3.9293372138852325,-4.01782214433123,-3.9440430447124317,-4.039350217340125
146,-4.074188860862942,-3.8806176467088735,-6.768748743028091,-3.8447859606296073,-3.8054831615287,-3.8224701668744463,-3.8122315736786896,-3.646950757926872,-3.6515432976151856,-3.3355528053366656,-3.6981627612421857,-3.197984023815091,-3.794435785475941,-3.3455688841704725,-3.797975392909737,-3.6264565296355644,-3.80425011774204,-3.760576930017285,-3.792072052130383,-3.8715103136685975,-8.494114551831858,-3.870445400685518,-3.795934361908418,-3.9813958171556436,-3.9514318166403273,-3.994941146476535,-3.954508796220861,-4.013420094892158
147,-4.080811657671409,-3.9100310104504983,-6.824158615221087,-3.905597504090922,-3.864203039649172,-3.908993937281654,-3.8527617701018158,-3.6573775802632977,-3.688375172413728,-3.293872565674163,-3.7433020430339634,-3.1789010034505285,-3.853381380638585,-3.34509892728966,-3.8427901046002035,-3.629207555755684,-3.8501635492537933,-3.731736654091794,-3.843599514663317,-3.8995525932418706,-8.548559087038734,-3.9660977486021336,-3.8041957724867506,-3.9753479403833087,-3.937470592168542,-4.009628452621935,-3.9415976179678105,-4.012960479142783
148,-4.13887266296091,-3.8679608971659993,-6.936361675966747,-3.8015982708531695,-3.9574860956532687,-3.7686727506851723,-3.9978950287805888,-3.625539094529476,-3.7879696022034643,-3.237090999651217,-3.822003102661847,-3.10394172795868,-3.8935981027535993,-3.315647648768611,-3.8652727871682524,-3.6175724362177344,-3.8757838996920952,-3.731093756091978,-3.857125718695368,-3.8595350965549775,-8.63898900262758,-3.8860853435799765,-3.837759805412753,-3.9883021138740262,-3.9356289761703427,-4.0302608340453245,-3.92946621153898,-4.046043974333441
149,-4.196406685188446,-3.857381823983714,-7.024572351462931,-3.815859675704045,-3.9704793220874888,-3.7773907002220857,-4.010364141004683,-3.632802558576164,-3.7988789512462655,-3.235007674193225,-3.8397351440159446,-3.1203576239734905,-3.905903425803967,-3.369027241475883,-3.8789806879257425,-3.662988061440998,-3.8813888826903336,-3.7676330564308707,-3.8655469494523325,-3.868175062230651,-8.626477271885154,-3.8166529839595094,-3.8524198802106713,-3.980914510718024,-3.9405586833499884,-4.032056215966496,-3.930148309073109,-4.0602434493598345
150,-4.18377584444546,-3.8425141485713246,-7.021947454059186,-3.7943231373429955,-3.995465226088485,-3.762789872235268,-4.006534704356728,-3.6195665183522925,-3.8164479001591305,-3.269922486989919,-3.8300908408351564,-3.168102056781558,-3.8955483679333556,-3.4203318386164305,-3.8560210402995274,-3.686681055664097,-3.869067465568181,-3.7282120912370873,-3.8656535221282855,-3.7860640590857155,-8.618097246004046,-3.8048321844731743,-3.832378277525376,-3.9852051683315888,-3.935986252228245,-4.057740818597318,-3.956190676106394,-4.051255631239826
151,-4.239616018558826,-3.8862332733739136,-7.038369446215842,-3.8470884716643354,-3.9935117735377563,-3.8200888201686762,-4.009699065650226,-3.673839132637291,-3.8335679258610598,-3.335938372695208,-3.8719757541992004,-3.2966850664410052,-3.9194438948316455,-3.582726215569081,-3.8878876822000006,-3.8294335593992255,-3.9207365195893025,-3.7759741037560657,-3.8946390164372855,-3.8017054857167403,-8.608651900530251,-3.959720215465365,-3.838898036384683,-3.982464786135076,-3.9454650829762588,-4.057984812827675,-4.01676074243744,-4.09016507746344
152,-4.188485186514763,-3.852024881116061,-7.076887923271525,-3.8401143138984826,-4.03985100616326,-3.8079083264122926,-4.086058226784763,-3.6343294262122874,-3.8764967443828815,-3.326292509027664,-3.8801513985721283,-3.3259289584938627,-3.9091128939664603,-3.623583658302718,-3.8787578333474513,-3.8838227549778166,-3.888451340245751,-3.83745137083645,-3.878141850393448,-3.9634799479777882,-8.527032983582114,-4.274086574066433,-3.8303170297838336,-3.9618591021382925,-3.9446062155984576,-4.012329945275225,-4.009688929135221,-4.098831887730519
153,-4.230640189571121,-3.8741693083033004,-7.153282750361729,-3.844045168936929,-4.053579033791764,-3.793325014559745,-4.1238353999890665,-3.595607912698083,-3.963438492354654,-3.3064307802847623,-3.9660151583313064,-3.409091276519176,-3.966274316151207,-3.7124996943493143,-3.948706665737299,-4.010548598611985,-3.978598498146156,-3.9869610344024933,-3.970382632884937,-4.028646946362453,-8.795359440524477,-4.075143071946961,-3.8016903155946493,-3.969738827606916,-3.9301354177679473,-3.9826446971581118,-3.9998325873171305,-4.066929974636814
154,-4.1635753126568895,-3.836925875177912,-7.155507334401018,-3.7711242437873063,-4.081497336115009,-3.7321388974099765,-4.133866953252119,-3.566700562039381,-3.945557528934762,-3.30058344162399,-3.961494793505713,-3.3872917136970204,-3.9811520910422584,-3.737283122915086,-3.9571657629418664,-4.029490273924087,-3.9771105973906904,-4.019006174358826,-3.9407201889382795,-4.140208250067583,-8.621868961854402,-4.40697375206726,-3.8040348016460532,-3.928795693313415,-3.9394300230598294,-3.9897216047029107,-4.014240031854609,-4.081441618751726
155,-4.1764811169187315,-3.832705265365853,-7.110323233417614,-3.779537587426545,-4.077489813854448,-3.680539191034937,-4.121128081000763,-3.5518795983757308,-3.9668642142186,-3.2600342985051207,-3.9858341443575287,-3.3249707559175286,-3.9968385767733112,-3.7160350517936007,-3.977823725975469,-4.0176160296089245,-3.986090800326399,-4.024380381595036,-3.96159791825452,-4.161778767229692,-8.69947504355204,-4.482245473908986,-3.819771240662918,-3.925382924220901,-3.9443884655792534,-3.997526912057278,-4.002628473308593,-4.064710641245597
156,-4.168218007939502,-3.822570096705973,-7.057238023605019,-3.7876695234039115,-4.017407165093754,-3.718214418220598,-4.070102984977593,-3.5769904409801265,-3.9267053291608103,-3.2561604412810428,-3.9593085405746042,-3.383327364016396,-3.9820145182094473,-3.664941805784713,-3.971003063131911,-3.9043207678229694,-3.9935747502169154,-3.975778576271397,-3.963464503149625,-4.082264915518973,-8.735609715151387,-4.243683293895201,-3.848511426100464,-3.896965294238844,-3.9183577598377166,-3.9980994565214623,-3.988533197100244,-4.072514064934521
157,-4.145096671619512,-3.837573366193427,-7.0161932034510555,-3.797728915502417,-4.008434777897034,-3.7401708925274324,-4.0569280838603605,-3.5970019349952564,-3.8726680216632294,-3.2797401674880726,-3.902294565666937,-3.383105709267983,-3.933030500582061,-3.637896628814596,-3.935241310776098,-3.8708383107517563,-3.988660024305314,-3.9065672812567502,-3.967064101852639,-3.9974560105653407,-8.793747658739882,-3.999633173112222,-3.8404244739013924,-3.8888086823701524,-3.923798956065406,-4.002862180903449,-3.9882090222969167,-4.072688831412649
158,-4.04036616290314,-3.847918764283813,-6.921760906413618,-3.829858309162046,-3.9399168600095456,-3.810671920370751,-3.929975390212674,-3.624540534706611,-3.7415888817834073,-3.3424429200104346,-3.771254743279321,-3.380781604725612,-3.8134681722495856,-3.5501765229846654,-3.8137955674962405,-3.7883639568543925,-3.8470735003512515,-3.731151220205392,-3.845491392806848,-3.7410501719098486,-8.591081732652597,-3.738115094520044,-3.8444443468084395,-3.8745876093874543,-3.944447532666574,-4.004251622350327,-3.996462662059315,-4.044616112119034
159,-4.022088190606014,-3.844660208110981,-6.864500346927832,-3.801837746909796,-3.917904193060084,-3.7520925995258994,-3.9122747196020433,-3.5662671925403324,-3.739701773410096,-3.310397040080811,-3.7312872149303966,-3.346964357486655,-3.749779392441416,-3.494439054329245,-3.790373645085607,-3.6821314495703854,-3.8080125259675204,-3.657542316186561,-3.7891124578706967,-3.7862763249431834,-8.37422581719433,-3.9426016012282497,-3.867295169210905,-3.9037392767530266,-3.9515828368149366,-4.047359419442268,-4.008616134440726,-4.08912612088312
160,-4.005141697282314,-3.8196104727159224,-6.880346253608227,-3.7615004744766334,-3.8667598992217056,-3.6909290838397055,-3.890902213138352,-3.553784853249794,-3.7374434235669387,-3.300752660791936,-3.735541286498567,-3.3244060813617358,-3.782304793327921,-3.4697200344544403,-3.803786490132147,-3.6846604980615925,-3.81987546204293,-3.695764994182866,-3.802715962617039,-3.861500142899986,-8.397056106191437,-4.038796535555337,-3.8398934753722407,-3.9207331795572467,-3.960752283738009,-4.044416440575674,-4.014022292822545,-4.0826726175769785
161,-4.003549094013497,-3.816399980148949,-6.82267572853219,-3.8176580756623717,-3.823866508362705,-3.774909059521708,-3.8091221099954127,-3.553635615683928,-3.676551238894346,-3.3129308744639916,-3.681661038874387,-3.277753207347492,-3.740038282531244,-3.4232214908422467,-3.771308170237684,-3.654510823087397,-3.8059169961344907,-3.667297797450553,-3.7960979415372123,-3.8472303015040152,-8.405641196235289,-4.065247428264557,-3.839014439706645,-3.896914099097165,-3.9688166972058516,-4.0263031831370695,-4.01693954155319,-4.061890271874426
162,-4.005049192999147,-3.8470321275220725,-6.8045539286122425,-3.8110109844174374,-3.7847702315286083,-3.701325757083546,-3.800475867719486,-3.4939839604379355,-3.653179764348739,-3.2781173705112656,-3.6897200879951026,-3.2118279980114357,-3.750597330625965,-3.4063943157503807,-3.782567171106103,-3.6249416570247686,-3.806091499330551,-3.635549312333517,-3.803666875080348,-3.795278991966988,-8.411496228771917,-3.976955970186503,-3.8375237734878684,-3.9009440941231657,-3.975503091490576,-4.035554183177911,-4.020306870816584,-4.058591002176982
163,-4.019200891562983,-3.8201090837815816,-6.8065021541867265,-3.7890439482425293,-3.7815356857962246,-3.706833168719834,-3.7826643512164453,-3.5080928867449956,-3.617118269247739,-3.270439421860418,-3.642158052492488,-3.204650017847268,-3.69220537613618,-3.384925830967854,-3.7431391014945423,-3.6038600176047213,-3.774758182719696,-3.6171079990638475,-3.7868386232565476,-3.7087059893604604,-8.447123310232183,-3.8443241116885454,-3.842970686616549,-3.9100312317712556,-3.958022745740679,-4.042880817563471,-3.9824770666152562,-4.06020206787191
164,-4.101854561140923,-3.8538892019579585,-6.865860802752726,-3.8126281466597565,-3.8285934433108624,-3.729916325985812,-3.8166711880708792,-3.5048783027461483,-3.65411967049783,-3.276047033366602,-3.669949284864904,-3.2401184112776793,-3.7176089147719766,-3.3515284682244544,-3.770458322273627,-3.501587254512877,-3.8203243976156998,-3.495131521615141,-3.834181616240834,-3.5659071010546914,-8.604461605908153,-3.6073904701111674,-3.84102994710001,-3.9265863705795327,-3.9856070755195305,-3.9848212976712083,-4.014073563712359,-4.026783904919687
165,-4.196356791145952,-3.83595717860129,-7.1446602646575,-3.7438789503253815,-4.02868634862935,-3.62085776632258,-4.006770580213087,-3.4688464804648036,-3.8082084854329925,-3.1599675083868592,-3.8174275665812627,-3.215909352329747,-3.8596513612587326,-3.3305011344257753,-3.882780780440269,-3.440836155148343,-3.956993510993607,-3.371596220704086,-3.967642720434617,-3.388910223309089,-8.884818118155742,-3.415924738579281,-3.786133319482169,-3.961058727388093,-3.9468210717322156,-4.045047386008358,-4.002597645874842,-4.060042166588474
166,-4.255098831905997,-3.8390891282025907,-7.198135627596876,-3.792469760391124,-4.066053785923777,-3.645939175486755,-4.0848026737854335,-3.4590415382369395,-3.903098663487486,-3.1266005314443306,-3.9007512417606565,-3.2144166347781424,-3.9088937445334526,-3.361743233485068,-3.9337510293885956,-3.4689821079020025,-4.002846388404847,-3.366878037788015,-4.0258834089712305,-3.3679596659855653,-8.990921358116916,-3.3716025196092265,-3.809820662483016,-3.9439170076255037,-3.936600869217936,-4.042355208846976,-3.9844847438006297,-4.0805862674139455
167,-4.246626313624328,-3.854773884914583,-7.233605017325817,-3.813164871206905,-4.057205394579013,-3.691996437956967,-4.026857852194411,-3.5138762693032093,-3.8375687501175997,-3.1259158617845513,-3.873800451505935,-3.155059673363898,-3.910031014748954,-3.3075140286482307,-3.9361308537351665,-3.436844922556574,-3.993242448404247,-3.3335085979591033,-4.0236587398849215,-3.2949589809494957,-9.030315085159776,-3.290307543167774,-3.808759251839434,-3.952553123285981,-3.9312592888348092,-4.024550437505784,-3.978933209731232,-4.063365943769057
168,-4.292930170199633,-3.8787091698713496,-7.369450443132994,-3.8355078941088516,-4.101974407656846,-3.6783298979706216,-4.036965841842988,-3.498881479733321,-3.8507145607781683,-3.112012800102387,-3.868925887223299,-3.1063948282972595,-3.8857110300014717,-3.1629271982695255,-3.918282796253921,-3.3485352382092675,-3.9846246751834324,-3.2629744615519147,-3.9935080509854934,-3.3314201274314312,-8.908691755585242,-3.414506585491118,-3.8456324230315873,-3.957946639620655,-3.9295817835548967,-4.01408054117761,-3.9916886283190207,-4.050033872941005
169,-4.376495043385753,-3.8791733939669637,-7.345774549287143,-3.8370845224660997,-4.0815002954432185,-3.67396216513503,-4.008038741276009,-3.499473307425874,-3.8016119751537585,-3.101400234828491,-3.817675101611989,-3.101857809955162,-3.8767489716095396,-3.166437957419775,-3.8986390872267034,-3.3349378613730365,-3.958657406425442,-3.305386769299286,-3.9218372159220896,-3.430421585822529,-8.728285431690527,-3.5550933477676776,-3.786838189975863,-3.9597262115877627,-3.9794075856032625,-4.029623439425934,-4.009600665324906,-4.027891964567221
170,-4.180997074049607,-3.876467764642022,-7.262245203300444,-3.8308707244753735,-4.0692045826678465,-3.6700063439730664,-3.9912335058483714,-3.479798195567216,-3.762243212114451,-3.1424685393858587,-3.738850826181292,-3.051646468807796,-3.792762999728655,-3.2070529774924426,-3.8051408083477614,-3.4805882331710074,-3.8115998344048174,-3.559987503546644,-3.80278871623049,-3.712030199661477,-8.409908108236868,-3.83262201109622,-3.7612804772249024,-3.980454475501243,-3.991488241727372,-4.05466383996251,-4.026393179736716,-4.0501913636523295
171,-4.28928062129572,-3.8844560922401996,-7.2010729523091745,-3.887325574151633,-3.991872601642818,-3.6732863813741803,-3.9017472491710534,-3.486312739746755,-3.740568718807887,-3.18561460298122,-3.7567108648469683,-3.143035084946737,-3.837819464058928,-3.3161875165903703,-3.8275231594717276,-3.6024530161450548,-3.8396921643059403,-3.656993344301055,-3.816100069747817,-3.8579705674520817,-8.448038211881318,-4.045440816534878,-3.7587248818742234,-3.9680061244314855,-3.9986423834873666,-4.02108865739755,-4.021841428018722,-4.038309251949712
172,-4.239063906380568,-3.8800037611413574,-7.125241002386253,-3.8912676109514783,-3.943039839068452,-3.6711844452618387,-3.854075110059273,-3.4819285020566255,-3.686374760285458,-3.2634376076920186,-3.706654353002029,-3.153310417693639,-3.75531744691012,-3.362613236305744,-3.7734101296191778,-3.6542062273803078,-3.7876952829130763,-3.7151601533960004,-3.769727030211611,-3.922239645375965,-8.364994549692623,-4.056425009593196,-3.7670839305034716,-3.9577360905872676,-3.993221301997522,-4.04365758627333,-4.020893241056436,-4.053432377857063
173,-4.161684801893473,-3.885296228440174,-6.85787028383198,-3.960802791930852,-3.660043425505944,-3.902316899905433,-3.6148047952458344,-3.74870345746924,-3.509224339407265,-3.5626052215898065,-3.585346004378087,-3.4860476249573784,-3.6660689227048833,-3.6529944791033113,-3.70136808950028,-3.7779506495744606,-3.756036525298971,-3.8324129057045004,-3.7752679567797993,-4.004587756936459,-8.414217835832867,-4.1173276718848575,-3.776066337980305,-3.9322895814684498,-3.9908726668930217,-4.021937442025619,-4.041746539741362,-4.069970509594224
174,-4.079056261431826,-3.8923471203435898,-6.6179748800027145,-3.9753921951160964,-3.5431650538262374,-3.9064258459831076,-3.544720247092047,-3.9090272913001662,-3.455332524231393,-3.7938721599709155,-3.5508636022003652,-3.7681574342099284,-3.6376019056792597,-3.839071187301815,-3.706516249050103,-3.9350200868417895,-3.7570760870737905,-3.8976157141885355,-3.765100070912403,-4.034698041456608,-8.381675167259935,-4.0862776515690244,-3.78424799615669,-3.934234636323099,-3.9801502344957402,-3.986126183114613,-4.04013994369404,-4.0528847762255955
175,-4.113586216548736,-3.9752365208771834,-6.507699216344302,-4.024944170755421,-3.461154670835678,-3.93334334154434,-3.489651377339865,-3.947364611996066,-3.4518776180669275,-4.011108751199235,-3.5254785721622857,-3.981713790199753,-3.633924808877009,-3.940262743058148,-3.686948179304718,-3.91028111657234,-3.729928162503824,-3.830674397501732,-3.729080779990456,-3.9258898452448223,-8.291579325980166,-3.9416135692964964,-3.8154672498239286,-3.964017590259662,-3.975636870461319,-3.9652971014967076,-4.0031613011635105,-4.008789385864792
176,-4.052754453045387,-4.07308073653135,-6.106766585400663,-4.119583337888826,-3.353240992099348,-4.135558353618737,-3.5217310191407254,-4.315081534728246,-3.506241532221795,-4.525888303875202,-3.5241721168441,-4.404982064083984,-3.5781283745892796,-4.135933109592832,-3.71398765976463,-4.024188687435801,-3.80555695278809,-3.777870419498717,-3.8526556343751635,-3.648717836252527,-8.653876435497109,-3.573459209464383,-3.811351498110126,-4.001171563010555,-3.9735685645604284,-3.976984819247764,-3.9983655259699398,-4.0163642069650844
177,-4.090327216374272,-4.085094684190987,-6.035496074182641,-4.1171089072725895,-3.328833340830381,-4.133390308225442,-3.596461113392032,-4.371243694669849,-3.6317747966410927,-4.664870678390195,-3.6163860880527388,-4.472914884051154,-3.610061577684636,-4.1905215789873145,-3.764021794460531,-4.059244940954697,-3.9052102095808783,-3.7593964362762433,-3.961448716508185,-3.562494285629816,-8.880312903569441,-3.4449168785072914,-3.8196173067988624,-4.012560318859216,-3.9532545950268942,-3.989935502728642,-3.9739894628556605,-4.023504321561159
178,-3.993683184442899,-4.062298858378,-6.087696327293606,-4.144360257521939,-3.3515961974808124,-4.21551442122976,-3.5695218841846605,-4.552802633954113,-3.5463978421942444,-4.7733290322030735,-3.5665715941130265,-4.4562093833896474,-3.646236393339747,-4.1367678332812705,-3.795433662992964,-3.9971625993493536,-3.9517789975400563,-3.67368243965562,-4.025297969737991,-3.3850607309186564,-9.135086534789323,-3.203963318368466,-3.7948993399272446,-4.015920450693384,-3.9485908493809694,-3.969304554457854,-3.972249173095655,-3.988888104269216
179,-4.023129774266844,-4.064340584724451,-6.150806135609798,-4.160486221086084,-3.498744057745776,-4.282184218479064,-3.7536710583156103,-4.5608122858301305,-3.6791701006851,-4.726482783687577,-3.6910103597451567,-4.445892626640583,-3.7563799097251813,-4.10664592758595,-3.924832470430751,-3.9984003116903404,-4.059444784844589,-3.637174059093488,-4.141241367943003,-3.3397274788571067,-9.408650014964683,-3.123205993372526,-3.8324351597532367,-4.028364475413141,-3.9500036702533743,-3.9979507669390864,-4.013797414805822,-4.034986680055185
180,-4.185168143164115,-4.033474762259427,-6.376022536055825,-4.112631077739046,-3.6181692272821047,-4.246472493441357,-3.876145000040375,-4.548496600846554,-3.746225752118921,-4.68126564075822,-3.7886502399779736,-4.418601476584396,-3.864561297202155,-4.069221565179289,-3.972371759062254,-3.9311033664035455,-4.093147765369122,-3.6154867526559644,-4.155171695562269,-3.330621853231436,-9.37686112619874,-3.1249472567979923,-3.8585957068365744,-4.017258734960383,-3.9605862573304047,-3.9666306499921373,-3.9972511953647074,-3.9594369394894917
181,-4.059356126828564,-3.944874389371122,-6.656642712552243,-4.047826713644866,-3.84982425574752,-4.18506064417415,-3.9561253021056135,-4.347100334958126,-3.842462699806221,-4.397312908188838,-3.917521464236078,-4.2127950426833305,-4.002652133386368,-3.9963387619183397,-4.10096603959328,-3.8996595493821364,-4.178047895545259,-3.616269373043218,-4.21361330911728,-3.3793452863871556,-9.482111434450065,-3.169585832995406,-3.844522339966227,-3.9906105821287654,-3.964510866180936,-3.9902916411500438,-3.9939215080204185,-3.9710691552164867
182,-4.21737929997036,-3.9303064276635613,-6.907489836573093,-3.948537331489684,-3.9358945411079396,-4.027282934668329,-4.006906904900671,-4.1994961862032705,-3.877837934664118,-4.151990388217613,-3.944070975562832,-3.9826407430902457,-4.030696340302898,-3.8744784895974456,-4.091392669497261,-3.8297814906265653,-4.162064297674338,-3.5712160496468743,-4.203464748428457,-3.354297363149134,-9.517939636531475,-3.139933966172902,-3.8446495919605135,-4.007723099028848,-3.9617532314069335,-3.9798127876181115,-3.9889978801016106,-3.9718260748596896
183,-4.175048393099952,-3.894112187885583,-6.987894909474246,-3.9139167345717207,-3.971410030809204,-3.9714601448245683,-4.021890275139323,-4.03519313928889,-3.897549354579841,-3.935332704669107,-3.9385487007466025,-3.7813375342663558,-4.03833295656016,-3.7558428594277395,-4.085579071802725,-3.7507920607965963,-4.143961306285456,-3.5397659695451797,-4.191367186641793,-3.3326379648347433,-9.421639477602715,-3.166189538163754,-3.7910257774928904,-3.978192515509015,-3.9657359495001265,-3.999438021050996,-4.02513769193484,-3.994749410359816
184,-4.2779218965412955,-3.8977267273505904,-7.156199246586792,-3.883558718280371,-3.995515238735216,-3.8195774620553244,-4.0307813239833195,-3.697628010441992,-3.9210654630853767,-3.529580765024501,-3.956292879776798,-3.434347926679688,-4.011198631725636,-3.5656323431839714,-4.0109187248081755,-3.653836160743343,-4.04460992510705,-3.543068551738425,-4.103256308488863,-3.330728400202805,-9.319087115162796,-3.1612639236648667,-3.8624941918965363,-3.968462193827432,-3.9502233359618986,-3.9855479060400234,-3.979132452303047,-3.987622152148339
185,-4.198169365229852,-3.854427670647989,-7.151557542004246,-3.8699896508227787,-3.9901390271780146,-3.8099051657190173,-3.9889955745608643,-3.6694337216540642,-3.826423780766191,-3.4257121100474706,-3.887023162285437,-3.291408956691906,-3.9461376139640176,-3.456655427364939,-3.9563102889155246,-3.647053060641864,-4.007309792375185,-3.5858098925818926,-4.075816828465699,-3.326036469064659,-9.310291327325364,-3.1567606382724547,-3.7890656862905843,-3.9772980426462934,-3.949835089593346,-3.98149781678899,-3.963295912836784,-3.9705239641571306
186,-4.214612912037606,-3.911635475211938,-7.14640884156164,-3.903244209223174,-4.007916599527647,-3.7480285738570776,-4.001223032232786,-3.607636050701203,-3.8261675597748632,-3.283066288984329,-3.872829069609727,-3.2350730404879933,-3.919995887764407,-3.4169139703923466,-3.917392628176822,-3.6461904031991654,-3.967604200202246,-3.6251911871187006,-4.029834839601793,-3.4047305163583705,-9.167721594908103,-3.201181556541685,-3.77494130133958,-3.9655880553100524,-3.936618748984909,-4.004499199462187,-3.991883003401295,-3.995049124825755
187,-4.244814103730519,-3.893540504508577,-7.133036952755493,-3.8865339986259344,-3.98361459627574,-3.6750724620330812,-3.900499838879461,-3.472927803461745,-3.76939980345513,-3.195245251767435,-3.7998856821527007,-3.19973618643287,-3.826136986765528,-3.494431610108682,-3.811876767698028,-3.74906799297653,-3.887673980709114,-3.654829543319825,-3.9163227193775394,-3.5196621271111974,-8.820089953205418,-3.4790886537620684,-3.7717749550578006,-3.939819954174486,-3.9660881170531797,-4.003457655809254,-4.020424339564136,-4.025856236418543
188,-4.323447478891706,-3.888948280963413,-7.076771588550128,-3.889909492848234,-3.9357619632041785,-3.6804086675828,-3.8803114397214133,-3.4589725542820076,-3.7325323066427174,-3.1962446097044444,-3.7585980895760263,-3.207292796511539,-3.7548056588357435,-3.5630534062512536,-3.761836069262795,-3.829688272493076,-3.8083543732541614,-3.759826104494814,-3.8595106730863113,-3.6042929937318435,-8.630387011691198,-3.5998249090943153,-3.7952004638860735,-3.933139348714493,-3.98009436022395,-3.998032098349206,-4.050562861294521,-4.037841600959962
189,-4.3678433435792146,-3.888372689976175,-7.0466469918509524,-3.9040576823649458,-3.867499435341123,-3.6713240092994055,-3.8095463188016723,-3.4585009362534946,-3.650655322353784,-3.1845503034775646,-3.657319113364005,-3.172592200594891,-3.6666446430950552,-3.663108261893668,-3.654917756479948,-3.8873531969297925,-3.7267259542821054,-3.8323055615738597,-3.783548227410701,-3.687769233458098,-8.448824103384121,-3.6665453756024173,-3.813924685902413,-3.916340131660322,-3.9611216924949297,-3.9755839125800767,-4.025833093940376,-4.022604776401323
190,-4.2444877894088044,-3.8937882469973135,-6.864683739217894,-3.9139400299079683,-3.691287716803229,-3.737365485861364,-3.7223163801712666,-3.5313797526004445,-3.6170315747079598,-3.245014612971318,-3.6659846784812538,-3.3552357132868447,-3.6614700800919247,-3.843274582626263,-3.670647601510875,-4.086586848336214,-3.7319452404726414,-3.958710276107505,-3.76872126834441,-3.879013042240544,-8.339662365237496,-4.050893173609369,-3.795828807258779,-3.9259835658127162,-3.96163286226142,-3.9839348927873557,-4.010832140178386,-4.031346314403877
191,-4.167137455938914,-3.9342578031306052,-6.768099503840558,-3.9322841753896256,-3.6718878407294495,-3.7682382375479704,-3.6860592666337246,-3.6166343587629903,-3.568666751033452,-3.2649572403515275,-3.6347194960862392,-3.385832062673458,-3.6092413326639514,-3.8576263925497782,-3.6194151155482617,-4.101309701633646,-3.6594315559600945,-3.951775786928911,-3.6787929708242144,-3.933620297265937,-8.163846887117916,-4.088582280204788,-3.7893867483498997,-3.9294868277260875,-3.9485662647013817,-3.971829769341194,-3.985060081064193,-4.031720354843273
192,-4.173880071287384,-3.9653358088312496,-6.773598224471122,-3.9357281579004937,-3.635829906167484,-3.7448299017248288,-3.701742647069701,-3.5978222293504274,-3.5740083363903388,-3.2751968554855435,-3.6249975853400973,-3.4279261162392043,-3.57724452680082,-3.883316397715516,-3.609562630251101,-4.088253551151055,-3.6479152399083117,-3.926403193136727,-3.6713297573756245,-3.9043728775968205,-8.17520203344798,-4.142960659085905,-3.8164456827846007,-3.9426248710918492,-3.9351803855882572,-3.9542267142286223,-3.9487048016940167,-4.00738723641958
193,-4.1179157083529185,-3.900714095373291,-6.6965409498844055,-3.908702772412748,-3.627725785867271,-3.773549016451169,-3.7033753913048124,-3.607277129232725,-3.5782443517745968,-3.313611833177105,-3.6386318736818306,-3.4262099270969864,-3.6470002856490877,-3.9249626041671544,-3.6616190217794573,-4.139856491013926,-3.7194448457135048,-4.0585706539881405,-3.7323396303242196,-4.112612308454681,-8.287373257191703,-4.343892432613782,-3.785879695115678,-3.986332903565203,-3.9269665483535707,-3.9627883678682805,-3.9575938110909665,-4.04777074748975
194,-4.127427989344962,-3.9317393483357974,-6.692465678552328,-3.924362829251939,-3.6224513752004577,-3.761070748412203,-3.7206899399679507,-3.6123942360678156,-3.6184397172080356,-3.330458788848982,-3.657903193050175,-3.4315717917979307,-3.6159199528283525,-3.8908483306172825,-3.6368149634007976,-4.1034294009299614,-3.6906040909937237,-4.027515530280162,-3.6864153328022295,-4.098026414514105,-8.176596920445062,-4.344952411139935,-3.809406360483187,-3.975897026304278,-3.9355047756461925,-3.9660810359695713,-3.9566261541705234,-4.039160183905287
195,-4.036363713800856,-3.882767223097739,-6.6611299815221034,-3.8966190155943123,-3.613650037174215,-3.7647505492002744,-3.7147804354953746,-3.617111782371871,-3.6206761788258035,-3.3390381264448705,-3.677956473005926,-3.400641506814938,-3.685377800266938,-3.8705670371838043,-3.6949634427067988,-4.107897324244494,-3.737465209093313,-3.9919046983321107,-3.7600883132045513,-3.9752898240658907,-8.342281440217077,-4.1973733229867385,-3.7939874650373158,-3.957902294533144,-3.947289138489038,-3.9582628302417944,-3.9707288938628325,-4.041945198218814
196,-4.039077294170386,-3.894493570644269,-6.725857299676408,-3.8792877513327078,-3.6885734209699783,-3.776188302359972,-3.7545672815025797,-3.6306930838751246,-3.609762108793212,-3.3574054569655893,-3.6600166199246966,-3.394171005003491,-3.6588597302289907,-3.8218708301964655,-3.670626347497798,-4.036124037952182,-3.713072943540787,-3.9435505429185644,-3.7329489418368724,-3.9917979799458725,-8.287835214920948,-4.26939887682556,-3.8006646762489993,-3.967367266747993,-3.940948526126306,-3.987000764489505,-3.9627728199609455,-4.051325939593096
197,-4.007576672232073,-3.8741357028553014,-6.805948929245236,-3.847996057964548,-3.7523223814487423,-3.742004153741543,-3.7896150716072943,-3.5730119109061267,-3.676846944527553,-3.3362664203804346,-3.7102154736075126,-3.3978370291948585,-3.7189607207482123,-3.8113294902163344,-3.709846252804813,-4.033786102222946,-3.757365732549644,-3.921792354351298,-3.79957618948654,-3.8634994167694767,-8.480076670493672,-3.9654426969376013,-3.7935649532314044,-3.9498361754853075,-3.951576451183875,-4.001762952858318,-4.005514894605487,-4.052078841616113
198,-4.026237044124961,-3.8296842918951532,-6.888265650865237,-3.8266673140028287,-3.8194763449647255,-3.7434783342031293,-3.8302600539427027,-3.5693349295064047,-3.695400434402068,-3.307503614965748,-3.740192958911039,-3.324450412311419,-3.738348360286941,-3.7067980687209565,-3.7488283007007768,-3.9654724869250773,-3.801731007501479,-3.8562196753301636,-3.8674206391925,-3.6968635419184164,-8.741165601890179,-3.6155845898227734,-3.814782903845442,-3.939494035807738,-3.9427521476196876,-3.9500648390746944,-3.9946292409994553,-4.03038288908307
199,-4.056661484343778,-3.8730290676374746,-6.877057384672318,-3.8434977285351066,-3.795852323805489,-3.7997076678729194,-3.8139717491223206,-3.582999899667867,-3.6909442492212423,-3.30875531727601,-3.7286518679836615,-3.2964637750610333,-3.7286906260257178,-3.660072638212449,-3.7339670571748553,-3.9334185431904913,-3.7564451909034196,-3.874363750368521,-3.811707286141904,-3.674830401118966,-8.614869175530178,-3.5997303655551045,-3.8139006428988846,-3.934429322073147,-3.9330718502116784,-3.951564274983716,-3.96196157170437,-4.020434859738404
200,-4.0059574830866005,-3.824524292583216,-6.879137693336597,-3.7944880683236297,-3.785511839177772,-3.707654166884144,-3.8292566622152044,-3.544890021120403,-3.6977587833925942,-3.303178135532483,-3.7254206714830236,-3.2805754900211324,-3.7368205756682604,-3.597598797270299,-3.7266744302173858,-3.826985258388199,-3.7666770441137745,-3.774436865798249,-3.809026770196316,-3.684379052363928,-8.601013823831353,-3.585601820613032,-3.828231445831404,-3.9274303693589094,-3.9299713070496614,-4.0149289675175295,-3.95701068584414,-4.039130453515904
201,-3.9992680394914455,-3.8342229811801327,-6.690144064243229,-3.809590434813049,-3.6804112978368706,-3.7304076253002423,-3.7761843318663493,-3.5703410024332722,-3.666241026373979,-3.351079777279638,-3.696368224221513,-3.2433164169182995,-3.77830704630264,-3.5308412928863193,-3.7609824705905486,-3.765451313762149,-3.767721975217703,-3.8146521192195726,-3.7555954933801434,-3.920331460886142,-8.319588048449488,-3.957734541406939,-3.823792872814125,-3.917358987085575,-3.9473708745666283,-4.026571540961647,-4.006414406672379,-4.06863625793017
202,-4.028815509970654,-3.843958792074258,-6.46971821586171,-3.842652107829313,-3.5738796253741207,-3.7196662797369053,-3.7064801269642422,-3.592976277268877,-3.6089041761941107,-3.3460677727132615,-3.6719542082712757,-3.2178719052742983,-3.758532187840927,-3.534556929932955,-3.763305409196237,-3.7458524350206237,-3.7675033242045206,-3.766763802329487,-3.755931978842355,-3.9275998413267623,-8.289313479654531,-4.105909201910165,-3.8030590075516217,-3.8921082453043048,-3.954770224559393,-4.029201017696726,-4.013958041960623,-4.0554448038086575
203,-3.979904052342361,-3.865506917940027,-6.440445555091716,-3.8153373942653706,-3.5522691311282553,-3.6161764381799055,-3.7018682023696337,-3.5281361406997704,-3.6401815919143288,-3.3160391633909847,-3.709880400185534,-3.260628742874642,-3.7907662682781424,-3.5744984098754795,-3.796272571391466,-3.7935299249879346,-3.8282659336647735,-3.785300500193502,-3.831405042789986,-3.981703896536598,-8.420759607969437,-4.151145688072587,-3.8009540719134245,-3.9108712647297974,-3.937987828284541,-4.042443347731951,-3.9781998413072883,-4.066002707897688
204,-3.953368798107464,-3.890976721435073,-6.224251953714377,-3.8406747996886037,-3.4151729250578153,-3.659679170229715,-3.6177965836689228,-3.5911389818355612,-3.5464197304196343,-3.299003320533835,-3.6602247994601975,-3.2048789399644817,-3.7537665939300706,-3.5710439678721038,-3.7453895264085566,-3.7938513560769924,-3.7860892569171996,-3.7746576796756814,-3.776617877341879,-3.940415288960709,-8.328224967897105,-4.140049029760209,-3.7751858362779083,-3.9012317963982377,-3.9461122666843638,-4.017277188054619,-3.984715138305497,-4.044441345640905
205,-3.9524688843921094,-3.875448269132378,-6.31810410118048,-3.8056712274427267,-3.513796680680606,-3.6099503000019775,-3.67435793294876,-3.4848244621448248,-3.6404257958407364,-3.313008062154633,-3.7018367990162178,-3.2705385269708835,-3.754306723134129,-3.571649215370119,-3.771290979491813,-3.8137099361736913,-3.807307055781738,-3.8457159938077656,-3.806809490148873,-4.027658212550426,-8.423895286897453,-4.237677961010326,-3.7567768121736815,-3.911624049629984,-3.962872951813606,-4.018503250104957,-3.9958681793368966,-4.042827869373865
206,-3.939378435754029,-3.8835803967871096,-6.197219117340184,-3.8301043079128223,-3.43530168366946,-3.644740732880767,-3.6331159062686917,-3.57401593480463,-3.572382599179035,-3.297516344204983,-3.670915517443979,-3.2255949380984967,-3.737888640799654,-3.5570973824766714,-3.7294765217943495,-3.8226224003278,-3.7584306494897035,-3.887983620335579,-3.7627466620335417,-4.06170355827221,-8.342410450363415,-4.253774518030972,-3.7322514825376527,-3.8979855917807646,-3.9626047553090133,-4.018656597433288,-3.9775845906295,-4.046514035895303
207,-3.8908584824737753,-3.935564507992333,-6.2047397252683885,-3.875259987695471,-3.3829393303402773,-3.6677524130181927,-3.5795048438692874,-3.5868390958130956,-3.5450862653944175,-3.32661313481956,-3.641527261143757,-3.235965473376684,-3.715462898068602,-3.5886265695203172,-3.694857172641415,-3.8496095176226555,-3.725510099534856,-3.955427820938754,-3.729753750914879,-4.125498143336552,-8.27815100349935,-4.222251780019084,-3.7291537467781377,-3.908602094154234,-3.9627011783380452,-4.034120672288546,-3.9941119891110626,-4.055416278705331
208,-3.887638313687389,-3.901940303464231,-6.210796750959282,-3.8593236481683815,-3.3698804068198176,-3.6527659475591507,-3.548422815100112,-3.54467658066579,-3.5269975784237677,-3.2934892248836203,-3.635825128036257,-3.244645982040336,-3.707285493511242,-3.639579022662019,-3.6934409677406643,-3.916342789379853,-3.7177800553934848,-4.008255718014357,-3.718081058863016,-4.158546750422036,-8.225509230162695,-4.209927354371953,-3.7319330593445783,-3.905879738416058,-3.950668733728451,-4.0286990559981515,-3.9917911700986513,-4.0678291180346315
209,-3.8597937960746296,-3.900169765267912,-6.242182233154122,-3.839861792453557,-3.444009210991477,-3.634789873505915,-3.622993207212591,-3.4829933137966025,-3.6124633733148452,-3.3380469325905247,-3.6748194354471417,-3.3388924909600375,-3.723260992855448,-3.704555416360665,-3.698094346368421,-4.031643020451674,-3.713422248228969,-4.10667453422753,-3.7108957869533126,-4.196211656857699,-8.238900370679938,-4.20753883133189,-3.7318779363608785,-3.886113366319483,-3.958218784614273,-4.024643592424863,-4.000558816756418,-4.06177295736497
210,-3.8530748530820875,-3.9331550755230102,-6.133303602176238,-3.8769451723196333,-3.3579016380956253,-3.7205180723953335,-3.552570342685763,-3.6064452237168223,-3.526675263575381,-3.371905981060894,-3.630473148493766,-3.319013693711831,-3.6892747055982342,-3.7636097707699117,-3.6675813975655305,-4.100640027550915,-3.6962627672830584,-4.1501188624482905,-3.695366300807136,-4.183526218611095,-8.220469384009256,-4.169401941600208,-3.734989452866318,-3.8995845386353283,-3.9635875039294124,-4.036653052934892,-4.018192433360645,-4.083204550489717
211,-3.854795651263005,-3.933785373053503,-6.080699479617628,-3.8794675913285404,-3.3461078273844915,-3.742573428105303,-3.5230338523785236,-3.662685929745723,-3.5032887676986246,-3.3734690317963874,-3.6386756428774567,-3.304755479493863,-3.7020634755932957,-3.799436215049462,-3.6864087024433863,-4.14894105018371,-3.686582165194616,-4.204476121689518,-3.6870263494776983,-4.215248785151358,-8.1983686502065,-4.147409400128773,-3.7539910490453186,-3.8919207701375926,-3.9609444912329668,-4.040331597374061,-4.013907095570111,-4.0771351316734386
212,-3.873175960975761,-3.934331656963998,-6.146763885050172,-3.8615618640750657,-3.3793520326853868,-3.7030751103641397,-3.5759793140874883,-3.6055877053463665,-3.5545793175002327,-3.3744583701774005,-3.650646701785397,-3.3730843710606564,-3.6792739118486493,-3.867418779208837,-3.6640732351717955,-4.211440223375931,-3.6877819119545374,-4.218079364984167,-3.687028054640513,-4.1971184102280255,-8.226179632233185,-4.118819849447403,-3.7500418391120576,-3.894631588942433,-3.9592024910793304,-4.021695955812314,-4.010424893553586,-4.066451877834578
213,-3.8324773540941104,-3.930930473017682,-6.120546915761408,-3.8368930348021433,-3.383234967228351,-3.6993379583622503,-3.56365388125474,-3.5954023268521986,-3.5507780623575407,-3.3807261590953708,-3.649059608683491,-3.4142569222625094,-3.6941882665698724,-3.928708989081338,-3.67897698672387,-4.255633101042179,-3.6990792786970745,-4.269262388275305,-3.7012530912330175,-4.242828993144136,-8.257664868296612,-4.141677308461618,-3.7474158739949517,-3.892847330096155,-3.9669447494601093,-4.028257644996976,-4.011302664167201,-4.06442539021233
214,-3.8047260691446976,-3.911123969032512,-6.109030286355005,-3.842028258724598,-3.378466009819627,-3.6861324882328055,-3.5753567909476534,-3.581527331283396,-3.557796028270751,-3.394763928141491,-3.647330541552073,-3.423600578329199,-3.6817972610344194,-3.9512371424780355,-3.6583587186852786,-4.25991552338873,-3.6736847383774354,-4.245012240718735,-3.661892249580766,-4.164950885869508,-8.188470360812813,-4.072532735218749,-3.758846269721306,-3.902909338611154,-3.9673310801393433,-4.019331612308461,-4.010834411673505,-4.052833752449222
215,-3.789074999975394,-3.9267512838740872,-6.155897938721416,-3.8812487527380437,-3.3951092716667683,-3.72516747597071,-3.5857736781542244,-3.6150955384614076,-3.544906009420619,-3.4066526879736423,-3.612187923356293,-3.435938026973218,-3.634233924919356,-3.9385674027401785,-3.6082236274272628,-4.281216022774362,-3.6295536258339887,-4.2463724192001955,-3.643012686890207,-4.116401350620426,-8.176788463893773,-4.041748943275694,-3.7750987536919567,-3.892742776637796,-3.966999346605687,-4.008302069889512,-4.005105700984871,-4.075815745204077
216,-3.7851534010733547,-3.9275281167882965,-6.1702457183564,-3.885841195325926,-3.426609544854128,-3.7607294663122426,-3.601299983131289,-3.5955471248566093,-3.569090781752768,-3.408163043266486,-3.6358398403709216,-3.4666030529949965,-3.643052629922779,-3.9853604785572894,-3.625709429009153,-4.313551491507416,-3.6389052073664394,-4.264724765187676,-3.6527491665653415,-4.140604350854925,-8.184362317201044,-4.052427168506565,-3.7838398515114235,-3.8947116264174513,-3.97433739454026,-4.011030075865923,-4.012740196077853,-4.058914822364042
217,-3.7548637111882828,-3.9037323335168277,-6.160330342407824,-3.878068939340225,-3.422648188113626,-3.7568117851200595,-3.6102060040508004,-3.6047998539402957,-3.541424064860084,-3.4086016771623444,-3.643463036577206,-3.478499735721271,-3.6479114859231707,-3.9873348153155193,-3.640445961487757,-4.3165924603169845,-3.65864733561404,-4.2784598550775685,-3.6651621834728285,-4.163031108185908,-8.201307152054962,-4.071737686390385,-3.7860485825550985,-3.8861566298194936,-3.9711615009317143,-4.014356781341494,-4.014743979271594,-4.058403379314257
218,-3.7390250841220096,-3.9159545568018546,-6.1198621157420074,-3.8668536326571057,-3.414756547578816,-3.718342681526378,-3.596115442315229,-3.5640870263607263,-3.551170762871887,-3.390585402196178,-3.622417409648351,-3.472786857107266,-3.634827770450603,-4.003150547395998,-3.63023590867648,-4.314250159859091,-3.6496617633492217,-4.274434450178542,-3.6657453491556478,-4.177610653472749,-8.222186514690641,-4.082783696378187,-3.782892498530923,-3.912677876384413,-3.968787323302968,-4.013559948495217,-4.024853106046433,-4.066378355385159
219,-3.7294931368650417,-3.907043642427798,-6.159627761972488,-3.8501196608168935,-3.4359953502016376,-3.7183316633128856,-3.588379869965803,-3.567073143696954,-3.539514209899603,-3.4071421618388165,-3.6050270622668323,-3.465800735479431,-3.616679231465419,-3.9797866993255697,-3.6001249107679536,-4.324994562984395,-3.623076723447572,-4.259367476319883,-3.645702297037477,-4.124375535739257,-8.185111590103356,-4.0245911090539055,-3.788069954095666,-3.9164670379270206,-3.972945646250358,-3.9979181627174087,-4.014716072331567,-4.064298031652407
220,-3.7245947801384065,-3.8898556280593857,-6.183312292020365,-3.8310584848855305,-3.4494102809056337,-3.70733266106481,-3.5855283462501712,-3.5547680453599266,-3.5370601535706077,-3.4033113515960562,-3.615927431019581,-3.4618705424321683,-3.621320585772901,-3.9850348748230635,-3.6096057633952863,-4.337201150210261,-3.627617087801813,-4.278556114759938,-3.651059918603024,-4.128515410030932,-8.188161637842537,-4.022733224614413,-3.787253078390412,-3.9141113403514356,-3.977133981663738,-4.002532914093321,-4.020270526894689,-4.066776099783658
221,-3.7481520519975637,-3.899791899358435,-6.177722129250712,-3.8628212099526196,-3.465829521607358,-3.767416109310482,-3.6088716506540237,-3.609938134068485,-3.5234915997333927,-3.440327673489404,-3.6238305293928534,-3.4632884060851277,-3.626386068381556,-4.011614626177059,-3.6311251390765324,-4.347799023159177,-3.6464768562990786,-4.304124728268944,-3.661567131870656,-4.178188104934156,-8.214300558234589,-4.043029956285001,-3.7999480774609027,-3.9088616751542986,-3.9716918275913904,-3.995865529904319,-4.01940314025876,-4.066435405591813
222,-3.7321783104074564,-3.87687103001801,-6.192837514842159,-3.850375909515619,-3.4784634855970125,-3.751553272101375,-3.620457935758715,-3.617862751267384,-3.5398579837924897,-3.4400174383481708,-3.6307662917619514,-3.473815916529406,-3.630348224220725,-4.026870099744669,-3.6360398170415262,-4.34663644650438,-3.65317837561991,-4.310222633298956,-3.671166914326768,-4.181483608279157,-8.24762911831032,-4.059922601074003,-3.7983468720673654,-3.9063242708786685,-3.9714683305042304,-3.987541063020162,-4.019212983667417,-4.061660062237719
223,-3.7451809892335572,-3.883283027648421,-6.180055935845021,-3.86530635642353,-3.468059967278445,-3.7541411396805486,-3.6345238067030863,-3.603214588995788,-3.566404967743175,-3.4313846631202995,-3.646719979663506,-3.466356689192662,-3.631743200987522,-4.0018248288121105,-3.636787458207404,-4.356159660904332,-3.6428597182556173,-4.3019883467123865,-3.668900184557681,-4.170467313907855,-8.236135384661486,-4.054116484932465,-3.8006725928477234,-3.899407518814451,-3.9729217001338766,-3.973167975582578,-4.013298659377679,-4.047284213685122
224,-3.750146356936973,-3.8900568699863562,-6.205010495602469,-3.874354265022158,-3.4680359967199523,-3.7635085987769066,-3.6317815528719146,-3.6178053784731845,-3.5574247868009046,-3.4309901894897603,-3.643200053595082,-3.4591601772380547,-3.6182370049538783,-4.014320114859362,-3.6375413505535987,-4.364843600336542,-3.643800245737972,-4.318107468068929,-3.6735265754692845,-4.177135332527939,-8.24818684776392,-4.0611690693285984,-3.807306702577471,-3.895077924050876,-3.975099838889028,-3.970113210813089,-4.014538571213028,-4.043171777661859
225,-3.7413872210535297,-3.878008926117696,-6.186366459465945,-3.85804100695458,-3.4687024374326074,-3.7451454746599744,-3.649851534678583,-3.5846579051193075,-3.5919918740429395,-3.4070571811601766,-3.649310453989516,-3.4525243427863983,-3.6252415481096243,-4.0139890088751535,-3.6421640983978025,-4.3689077862501735,-3.6480590186100232,-4.322138415192093,-3.6721081642007904,-4.175486890784381,-8.233462790188883,-4.0580083541399805,-3.79963698445183,-3.8966909315429428,-3.9778415095853763,-3.978324816929901,-4.018776856604682,-4.034021647686302
226,-3.7764623687369676,-3.878173436508482,-6.19295181751602,-3.8833052650219955,-3.475006694316137,-3.773446179791909,-3.6364528404326,-3.6081254269755423,-3.572974868807229,-3.4051471569114624,-3.6411811534707814,-3.4476453947422416,-3.6592373922594064,-4.009269049375929,-3.6449555629682284,-4.369124775617761,-3.6503353158564074,-4.32199198379649,-3.6681482077561527,-4.170040573965534,-8.224791505593116,-4.043771499703812,-3.786266435623657,-3.8965243670679017,-3.984318774452829,-3.9990614602050285,-4.025638394358798,-4.043041606767805
227,-3.780963394074104,-3.870391039969554,-6.1924819065234775,-3.877231239048756,-3.4672810720938485,-3.7822471897074554,-3.6165972416197723,-3.6290835720949732,-3.5518943618524195,-3.3986915940922198,-3.6319443819601918,-3.443669053903097,-3.6623338254511917,-4.006166427709634,-3.6488347329137603,-4.364999795269245,-3.6556103834104703,-4.3236677773577155,-3.6732955259078173,-4.1842433404546595,-8.227378468876882,-4.052656514509652,-3.7752588449105744,-3.889638259982859,-3.9815614589603805,-4.001070740151931,-4.025740611639127,-4.047798870831058
228,-3.784203957505598,-3.865747626730345,-6.195471556459812,-3.859381420602276,-3.4801050249545176,-3.7508006433643746,-3.630562773391394,-3.608124060956632,-3.5716414037820123,-3.3862766220229075,-3.652073062631097,-3.447698083166044,-3.658212497918575,-3.997728889193192,-3.662040351332802,-4.3666010271542115,-3.6651355732507978,-4.336344885829582,-3.680832629745068,-4.19888858050623,-8.237707167667086,-4.058662626599519,-3.771769384117958,-3.893166037879568,-3.979130129933631,-4.00818455137621,-4.024080473206871,-4.052027014315702
229,-3.805600853743759,-3.869219147660845,-6.190029733160236,-3.858407209640395,-3.482164421455127,-3.750121186865695,-3.645453947165032,-3.584715277913507,-3.5774864183228643,-3.3777366204616723,-3.6405374888292186,-3.429476246004332,-3.6565248825104084,-3.9934241877367236,-3.643983191869964,-4.365874923365254,-3.6429763520157192,-4.304239073103756,-3.667365253830146,-4.16436239327117,-8.209167193809131,-4.0262674387299136,-3.770929051823895,-3.89297351530452,-3.982277926765505,-3.995516557245923,-4.015136947927079,-4.042321247468303
230,-3.8203724038428164,-3.867450172508619,-6.187150321802693,-3.8627466648766267,-3.476328922159896,-3.7650556689585173,-3.6329651348415757,-3.613536569380909,-3.5425961578706624,-3.4082955240624435,-3.6280706242430933,-3.4292949251527616,-3.650134616863122,-3.996421295668069,-3.6273750560045404,-4.359397354269863,-3.637598372320389,-4.285872725707931,-3.6538546804572354,-4.130882077731748,-8.185610729796172,-4.004449439177022,-3.767758893846435,-3.8907966401956453,-3.9834867267254874,-3.9906574533515045,-4.0172909742979375,-4.034340646729139
231,-3.8169930839865756,-3.8760047128294777,-6.165491743147529,-3.8732197821468923,-3.460178684392366,-3.7828283298395906,-3.6176106147309466,-3.6453156332921663,-3.5482879548337856,-3.4174058981261592,-3.619195040548514,-3.434474015528376,-3.64634712147432,-3.9916230100220425,-3.631756820847535,-4.35887514566252,-3.637622534301382,-4.2799693819147056,-3.655653627227335,-4.13465041776575,-8.191105773321844,-4.010798401464029,-3.772408869370349,-3.891582233250008,-3.982153726241354,-3.999558764157649,-4.023763437388201,-4.0425341813382065
232,-3.819663689925341,-3.8677995128633995,-6.188031214409252,-3.854895204747683,-3.461511565817677,-3.775150330145356,-3.6173999550017704,-3.6279320181542416,-3.544030909585918,-3.4007448608822206,-3.6191034562652273,-3.406414704589985,-3.6428324918457147,-3.9863910176127315,-3.6305706593824394,-4.349161753799595,-3.6341145726164816,-4.28117525320837,-3.659832128706129,-4.127808501239028,-8.200700973376101,-4.0115809830124975,-3.7704452596797218,-3.8972302831764107,-3.9814452404750558,-3.993136807351606,-4.023251052989347,-4.040500060237602
233,-3.806486199855466,-3.859291473104307,-6.189270255393912,-3.8582511308875347,-3.457473562476564,-3.7802161656870767,-3.6059014010062374,-3.6362667825307264,-3.518486063013373,-3.4124707101557576,-3.617064326680761,-3.4022105317389464,-3.6399314806295275,-3.9875937447264347,-3.6318274591851134,-4.34927835440804,-3.6363315089465993,-4.294171768808093,-3.6621653598250097,-4.139645980169454,-8.213127636292779,-4.024957854870845,-3.7707974017192085,-3.8946968447216146,-3.9847114907631247,-3.994702526568433,-4.03123113983963,-4.050220692279693
234,-3.806486199855466,-3.859291473104307,-6.189270255393912,-3.8582511308875347,-3.457473562476564,-3.7802161656870767,-3.6059014010062374,-3.6362667825307264,-3.518486063013373,-3.4124707101557576,-3.617064326680761,-3.4022105317389464,-3.6399314806295275,-3.9875937447264347,-3.6318274591851134,-4.34927835440804,-3.6363315089465993,-4.294171768808093,-3.6621653598250097,-4.139645980169454,-8.213127636292779,-4.024957854870845,-3.7707974017192085,-3.8946968447216146,-3.9847114907631247,-3.994702526568433,-4.03123113983963,-4.050220692279693
235,-3.806486199855466,-3.859291473104307,-6.189270255393912,-3.8582511308875347,-3.457473562476564,-3.7802161656870767,-3.6059014010062374,-3.6362667825307264,-3.518486063013373,-3.4124707101557576,-3.617064326680761,-3.4022105317389464,-3.6399314806295275,-3.9875937447264347,-3.6318274591851134,-4.34927835440804,-3.6363315089465993,-4.294171768808093,-3.6621653598250097,-4.139645980169454,-8.213127636292779,-4.024957854870845,-3.7707974017192085,-3.8946968447216146,-3.9847114907631247,-3.994702526568433,-4.03123113983963,-4.050220692279693
236,-8.65043875390679,-8.393562423193917,-13.31239495334598,-8.410157504165253,-8.09108757522911,-8.45049445282072,-8.21440710903727,-8.359934900328403,-7.941953497051875,-8.030846257454865,-8.033366970152002,-7.865595166413452,-8.135790667023745,-8.055637927221735,-8.180632904454171,-8.306033019205719,-8.267957753470236,-8.114108042253214,-8.29124900770705,-8.031528883643878,-17.748275439200444,-8.011345926772526,-8.167533833612962,-8.53777496355376,-8.409110913232887,-8.458769013395106,-8.464514652429335,-8.566471738143026
237,-8.65043875390679,-8.393562423193917,-13.31239495334598,-8.410157504165253,-8.09108757522911,-8.45049445282072,-8.21440710903727,-8.359934900328403,-7.941953497051875,-8.030846257454865,-8.033366970152002,-7.865595166413452,-8.135790667023745,-8.055637927221735,-8.180632904454171,-8.306033019205719,-8.267957753470236,-8.114108042253214,-8.29124900770705,-8.031528883643878,-17.748275439200444,-8.011345926772526,-8.167533833612962,-8.53777496355376,-8.409110913232887,-8.458769013395106,-8.464514652429335,-8.566471738143026
